 j b k| | Nmumu |  Nee  | Nb/0b | stat  |MC stat| ttz SF| syst+ | syst- | sysKin| sysPur
 0 0 0| |   9857|   7608| 1.0000| 0.0000| 0.0000| 0.0000| 0.0000| 0.0000| 0.0000| 0.0109
 0 0 1| |    588|    435| 1.0000| 0.0000| 0.0000| 0.0000| 0.0000| 0.0000| 0.0000| 0.0109
 0 0 2| |     35|     22| 1.0000| 0.0000| 0.0000| 0.0000| 0.0000| 0.0000| 0.0000| 0.0109
 0 0 3| |   9096|   6990| 1.0000| 0.0000| 0.0000| 0.0000| 0.0000| 0.0000| 0.0000| 0.0109
 0 0 4| |   1850|   1373| 1.0000| 0.0000| 0.0000| 0.0000| 0.0000| 0.0000| 0.0000| 0.0109
 0 0 5| |     75|     56| 1.0000| 0.0000| 0.0000| 0.0000| 0.0000| 0.0000| 0.0000| 0.0109
 0 0 6| |    664|    575| 1.0000| 0.0000| 0.0000| 0.0000| 0.0000| 0.0000| 0.0000| 0.0109
 0 0 7| |     26|     23| 1.0000| 0.0000| 0.0000| 0.0000| 0.0000| 0.0000| 0.0000| 0.0109
 0 0 8| |     96|     82| 1.0000| 0.0000| 0.0000| 0.0000| 0.0000| 0.0000| 0.0000| 0.0109
 0 0 9| |      5|      5| 1.0000| 0.0000| 0.0000| 0.0000| 0.0000| 0.0000| 0.0000| 0.0109
 0 1 0| |   1178|    804| 0.1101| 0.0158| 0.0000| 0.0000| 0.0000| 0.0000| 0.1500| 0.0121
 0 1 1| |     81|     75| 0.1239| 0.0158| 0.0000| 0.0000| 0.0000| 0.0000| 0.1500| 0.0121
 0 1 2| |      6|      4| 0.1245| 0.0158| 0.0000| 0.0000| 0.0000| 0.0000| 0.1500| 0.0121
 0 1 3| |    970|    774| 0.1098| 0.0158| 0.0000| 0.0000| 0.0000| 0.0000| 0.1500| 0.0121
 0 1 4| |    226|    189| 0.1223| 0.0158| 0.0000| 0.0000| 0.0000| 0.0000| 0.1500| 0.0121
 0 1 5| |      6|      7| 0.1245| 0.0158| 0.0000| 0.0000| 0.0000| 0.0000| 0.1500| 0.0121
 0 1 6| |     60|     76| 0.1132| 0.0158| 0.0000| 0.0000| 0.0000| 0.0000| 0.1500| 0.0121
 0 1 7| |      3|      2| 0.1229| 0.0158| 0.0000| 0.0000| 0.0000| 0.0000| 0.1500| 0.0121
 0 1 8| |     15|      7| 0.1137| 0.0158| 0.0000| 0.0000| 0.0000| 0.0000| 0.1500| 0.0121
 0 1 9| |      0|      1| 0.1224| 0.0158| 0.0000| 0.0000| 0.0000| 0.0000| 0.1500| 0.0121
 0 2 0| |    105|     93| 0.0105| 0.0477| 0.0000| 0.0000| 0.0000| 0.0000| 0.3000| 0.0207
 0 2 1| |     16|      0| 0.0143| 0.0477| 0.0000| 0.0000| 0.0000| 0.0000| 0.3000| 0.0207
 0 2 2| |      1|      0| 0.0144| 0.0477| 0.0000| 0.0000| 0.0000| 0.0000| 0.3000| 0.0207
 0 2 3| |     88|     81| 0.0104| 0.0477| 0.0000| 0.0000| 0.0000| 0.0000| 0.3000| 0.0207
 0 2 4| |     30|     20| 0.0138| 0.0477| 0.0000| 0.0000| 0.0000| 0.0000| 0.3000| 0.0207
 0 2 5| |      1|      0| 0.0144| 0.0477| 0.0000| 0.0000| 0.0000| 0.0000| 0.3000| 0.0207
 0 2 6| |      3|      3| 0.0114| 0.0477| 0.0000| 0.0000| 0.0000| 0.0000| 0.3000| 0.0207
 0 2 7| |      0|      0| 0.0140| 0.0477| 0.0000| 0.0000| 0.0000| 0.0000| 0.3000| 0.0207
 0 2 8| |      2|      2| 0.0115| 0.0477| 0.0000| 0.0000| 0.0000| 0.0000| 0.3000| 0.0207
 0 2 9| |      0|      0| 0.0139| 0.0477| 0.0000| 0.0000| 0.0000| 0.0000| 0.3000| 0.0207
 1 0 0| |   1606|   1244| 1.0000| 0.0000| 0.0000| 0.0000| 0.0000| 0.0000| 0.0000| 0.0112
 1 0 1| |    451|    345| 1.0000| 0.0000| 0.0000| 0.0000| 0.0000| 0.0000| 0.0000| 0.0112
 1 0 2| |     33|     25| 1.0000| 0.0000| 0.0000| 0.0000| 0.0000| 0.0000| 0.0000| 0.0112
 1 0 3| |   1377|   1159| 1.0000| 0.0000| 0.0000| 0.0000| 0.0000| 0.0000| 0.0000| 0.0112
 1 0 4| |   1136|    908| 1.0000| 0.0000| 0.0000| 0.0000| 0.0000| 0.0000| 0.0000| 0.0112
 1 0 5| |     93|     67| 1.0000| 0.0000| 0.0000| 0.0000| 0.0000| 0.0000| 0.0000| 0.0112
 1 0 6| |    202|    187| 1.0000| 0.0000| 0.0000| 0.0000| 0.0000| 0.0000| 0.0000| 0.0112
 1 0 7| |     26|     24| 1.0000| 0.0000| 0.0000| 0.0000| 0.0000| 0.0000| 0.0000| 0.0112
 1 0 8| |     43|     30| 1.0000| 0.0000| 0.0000| 0.0000| 0.0000| 0.0000| 0.0000| 0.0112
 1 0 9| |      2|      4| 1.0000| 0.0000| 0.0000| 0.0000| 0.0000| 0.0000| 0.0000| 0.0112
 1 1 0| |    377|    222| 0.2044| 0.0252| 0.0000| 0.0000| 0.0000| 0.0000| 0.1500| 0.0141
 1 1 1| |     99|     78| 0.2138| 0.0252| 0.0000| 0.0000| 0.0000| 0.0000| 0.1500| 0.0141
 1 1 2| |      7|      9| 0.2186| 0.0252| 0.0000| 0.0000| 0.0000| 0.0000| 0.1500| 0.0141
 1 1 3| |    293|    221| 0.2039| 0.0252| 0.0000| 0.0000| 0.0000| 0.0000| 0.1500| 0.0141
 1 1 4| |    256|    205| 0.2124| 0.0252| 0.0000| 0.0000| 0.0000| 0.0000| 0.1500| 0.0141
 1 1 5| |     21|     28| 0.2182| 0.0252| 0.0000| 0.0000| 0.0000| 0.0000| 0.1500| 0.0141
 1 1 6| |     37|     34| 0.2088| 0.0252| 0.0000| 0.0000| 0.0000| 0.0000| 0.1500| 0.0141
 1 1 7| |      4|      9| 0.2164| 0.0252| 0.0000| 0.0000| 0.0000| 0.0000| 0.1500| 0.0141
 1 1 8| |      8|      4| 0.2069| 0.0252| 0.0000| 0.0000| 0.0000| 0.0000| 0.1500| 0.0141
 1 1 9| |      0|      0| 0.2169| 0.0252| 0.0000| 0.0000| 0.0000| 0.0000| 0.1500| 0.0141
 1 2 0| |     62|     47| 0.0336| 0.0549| 0.0000| 0.0000| 0.0000| 0.0000| 0.1500| 0.0319
 1 2 1| |     20|     14| 0.0364| 0.0549| 0.0000| 0.0000| 0.0000| 0.0000| 0.1500| 0.0319
 1 2 2| |      1|      2| 0.0379| 0.0549| 0.0000| 0.0000| 0.0000| 0.0000| 0.1500| 0.0319
 1 2 3| |     55|     38| 0.0334| 0.0549| 0.0000| 0.0000| 0.0000| 0.0000| 0.1500| 0.0319
 1 2 4| |     45|     42| 0.0360| 0.0549| 0.0000| 0.0000| 0.0000| 0.0000| 0.1500| 0.0319
 1 2 5| |      5|      5| 0.0377| 0.0549| 0.0000| 0.0000| 0.0000| 0.0000| 0.1500| 0.0319
 1 2 6| |      3|      3| 0.0349| 0.0549| 0.0000| 0.0000| 0.0000| 0.0000| 0.1500| 0.0319
 1 2 7| |      0|      1| 0.0372| 0.0549| 0.0000| 0.0000| 0.0000| 0.0000| 0.1500| 0.0319
 1 2 8| |      2|      0| 0.0343| 0.0549| 0.0000| 0.0000| 0.0000| 0.0000| 0.1500| 0.0319
 1 2 9| |      0|      0| 0.0374| 0.0549| 0.0000| 0.0000| 0.0000| 0.0000| 0.1500| 0.0319
 1 3 0| |      6|      2| 0.0029| 0.1829| 0.0000| 0.0000| 0.0000| 0.0000| 0.3000| 0.0319
 1 3 1| |      2|      0| 0.0034| 0.1829| 0.0000| 0.0000| 0.0000| 0.0000| 0.3000| 0.0319
 1 3 2| |      0|      0| 0.0036| 0.1829| 0.0000| 0.0000| 0.0000| 0.0000| 0.3000| 0.0319
 1 3 3| |      2|      2| 0.0029| 0.1829| 0.0000| 0.0000| 0.0000| 0.0000| 0.3000| 0.0319
 1 3 4| |      9|      3| 0.0033| 0.1829| 0.0000| 0.0000| 0.0000| 0.0000| 0.3000| 0.0319
 1 3 5| |      1|      1| 0.0036| 0.1829| 0.0000| 0.0000| 0.0000| 0.0000| 0.3000| 0.0319
 1 3 6| |      2|      0| 0.0031| 0.1829| 0.0000| 0.0000| 0.0000| 0.0000| 0.3000| 0.0319
 1 3 7| |      0|      0| 0.0035| 0.1829| 0.0000| 0.0000| 0.0000| 0.0000| 0.3000| 0.0319
 1 3 8| |      0|      0| 0.0030| 0.1829| 0.0000| 0.0000| 0.0000| 0.0000| 0.3000| 0.0319
 1 3 9| |      0|      0| 0.0035| 0.1829| 0.0000| 0.0000| 0.0000| 0.0000| 0.3000| 0.0319
 2 0 0| |     91|     85| 1.0000| 0.0000| 0.0000| 0.0000| 0.0000| 0.0000| 0.0000| 0.0142
 2 0 1| |     89|     83| 1.0000| 0.0000| 0.0000| 0.0000| 0.0000| 0.0000| 0.0000| 0.0142
 2 0 2| |     18|     11| 1.0000| 0.0000| 0.0000| 0.0000| 0.0000| 0.0000| 0.0000| 0.0142
 2 0 3| |     70|     57| 1.0000| 0.0000| 0.0000| 0.0000| 0.0000| 0.0000| 0.0000| 0.0142
 2 0 4| |    233|    171| 1.0000| 0.0000| 0.0000| 0.0000| 0.0000| 0.0000| 0.0000| 0.0142
 2 0 5| |     32|     22| 1.0000| 0.0000| 0.0000| 0.0000| 0.0000| 0.0000| 0.0000| 0.0142
 2 0 6| |     18|     26| 1.0000| 0.0000| 0.0000| 0.0000| 0.0000| 0.0000| 0.0000| 0.0142
 2 0 7| |     17|     11| 1.0000| 0.0000| 0.0000| 0.0000| 0.0000| 0.0000| 0.0000| 0.0142
 2 0 8| |      5|      5| 1.0000| 0.0000| 0.0000| 0.0000| 0.0000| 0.0000| 0.0000| 0.0142
 2 0 9| |      2|      1| 1.0000| 0.0000| 0.0000| 0.0000| 0.0000| 0.0000| 0.0000| 0.0142
 2 1 0| |     31|     21| 0.3255| 0.0615| 0.0000| 0.0000| 0.0000| 0.0000| 0.1500| 0.0226
 2 1 1| |     44|     33| 0.3317| 0.0615| 0.0000| 0.0000| 0.0000| 0.0000| 0.1500| 0.0226
 2 1 2| |      5|      2| 0.3368| 0.0615| 0.0000| 0.0000| 0.0000| 0.0000| 0.1500| 0.0226
 2 1 3| |     24|      9| 0.3259| 0.0615| 0.0000| 0.0000| 0.0000| 0.0000| 0.1500| 0.0226
 2 1 4| |     74|     55| 0.3310| 0.0615| 0.0000| 0.0000| 0.0000| 0.0000| 0.1500| 0.0226
 2 1 5| |      9|     15| 0.3337| 0.0615| 0.0000| 0.0000| 0.0000| 0.0000| 0.1500| 0.0226
 2 1 6| |     15|      7| 0.3295| 0.0615| 0.0000| 0.0000| 0.0000| 0.0000| 0.1500| 0.0226
 2 1 7| |      2|      7| 0.3344| 0.0615| 0.0000| 0.0000| 0.0000| 0.0000| 0.1500| 0.0226
 2 1 8| |      0|      0| 0.3255| 0.0615| 0.0000| 0.0000| 0.0000| 0.0000| 0.1500| 0.0226
 2 1 9| |      0|      1| 0.3381| 0.0615| 0.0000| 0.0000| 0.0000| 0.0000| 0.1500| 0.0226
 2 2 0| |      4|      4| 0.0846| 0.1037| 0.0000| 0.0000| 0.0000| 0.0000| 0.1500| 0.0510
 2 2 1| |      5|     15| 0.0874| 0.1037| 0.0000| 0.0000| 0.0000| 0.0000| 0.1500| 0.0510
 2 2 2| |      0|      1| 0.0897| 0.1037| 0.0000| 0.0000| 0.0000| 0.0000| 0.1500| 0.0510
 2 2 3| |      8|      7| 0.0847| 0.1037| 0.0000| 0.0000| 0.0000| 0.0000| 0.1500| 0.0510
 2 2 4| |     21|     24| 0.0871| 0.1037| 0.0000| 0.0000| 0.0000| 0.0000| 0.1500| 0.0510
 2 2 5| |      1|      2| 0.0883| 0.1037| 0.0000| 0.0000| 0.0000| 0.0000| 0.1500| 0.0510
 2 2 6| |      4|      2| 0.0864| 0.1037| 0.0000| 0.0000| 0.0000| 0.0000| 0.1500| 0.0510
 2 2 7| |      0|      1| 0.0886| 0.1037| 0.0000| 0.0000| 0.0000| 0.0000| 0.1500| 0.0510
 2 2 8| |      1|      2| 0.0846| 0.1037| 0.0000| 0.0000| 0.0000| 0.0000| 0.1500| 0.0510
 2 2 9| |      0|      0| 0.0903| 0.1037| 0.0000| 0.0000| 0.0000| 0.0000| 0.1500| 0.0510
 2 3 0| |      0|      1| 0.0116| 0.2690| 0.0000| 0.0000| 0.0000| 0.0000| 0.3000| 0.0510
 2 3 1| |      1|      3| 0.0120| 0.2690| 0.0000| 0.0000| 0.0000| 0.0000| 0.3000| 0.0510
 2 3 2| |      0|      0| 0.0123| 0.2690| 0.0000| 0.0000| 0.0000| 0.0000| 0.3000| 0.0510
 2 3 3| |      1|      1| 0.0116| 0.2690| 0.0000| 0.0000| 0.0000| 0.0000| 0.3000| 0.0510
 2 3 4| |      4|      1| 0.0120| 0.2690| 0.0000| 0.0000| 0.0000| 0.0000| 0.3000| 0.0510
 2 3 5| |      0|      1| 0.0121| 0.2690| 0.0000| 0.0000| 0.0000| 0.0000| 0.3000| 0.0510
 2 3 6| |      0|      1| 0.0119| 0.2690| 0.0000| 0.0000| 0.0000| 0.0000| 0.3000| 0.0510
 2 3 7| |      0|      0| 0.0122| 0.2690| 0.0000| 0.0000| 0.0000| 0.0000| 0.3000| 0.0510
 2 3 8| |      0|      0| 0.0116| 0.2690| 0.0000| 0.0000| 0.0000| 0.0000| 0.3000| 0.0510
 2 3 9| |      0|      0| 0.0124| 0.2690| 0.0000| 0.0000| 0.0000| 0.0000| 0.3000| 0.0510
 3 0 1| |     17|      3| 1.0000| 0.0000| 0.0000| 0.0000| 0.0000| 0.0000| 0.0000| 0.0142
 3 0 2| |      1|      2| 1.0000| 0.0000| 0.0000| 0.0000| 0.0000| 0.0000| 0.0000| 0.0142
 3 0 4| |     13|     11| 1.0000| 0.0000| 0.0000| 0.0000| 0.0000| 0.0000| 0.0000| 0.0142
 3 0 5| |      7|      5| 1.0000| 0.0000| 0.0000| 0.0000| 0.0000| 0.0000| 0.0000| 0.0142
 3 0 6| |      0|      1| 1.0000| 0.0000| 0.0000| 0.0000| 0.0000| 0.0000| 0.0000| 0.0142
 3 0 7| |      2|      0| 1.0000| 0.0000| 0.0000| 0.0000| 0.0000| 0.0000| 0.0000| 0.0142
 3 0 8| |      1|      0| 1.0000| 0.0000| 0.0000| 0.0000| 0.0000| 0.0000| 0.0000| 0.0142
 3 0 9| |      0|      0| 1.0000| 0.0000| 0.0000| 0.0000| 0.0000| 0.0000| 0.0000| 0.0142
 3 1 1| |      9|      6| 0.6226| 0.2054| 0.0000| 0.0000| 0.0000| 0.0000| 0.1500| 0.0226
 3 1 2| |      1|      1| 0.5485| 0.2054| 0.0000| 0.0000| 0.0000| 0.0000| 0.1500| 0.0226
 3 1 4| |      9|      6| 0.6123| 0.2054| 0.0000| 0.0000| 0.0000| 0.0000| 0.1500| 0.0226
 3 1 5| |      2|      3| 0.5662| 0.2054| 0.0000| 0.0000| 0.0000| 0.0000| 0.1500| 0.0226
 3 1 6| |      1|      0| 0.6258| 0.2054| 0.0000| 0.0000| 0.0000| 0.0000| 0.1500| 0.0226
 3 1 7| |      0|      0| 0.6322| 0.2054| 0.0000| 0.0000| 0.0000| 0.0000| 0.1500| 0.0226
 3 1 8| |      0|      0| 0.5126| 0.2054| 0.0000| 0.0000| 0.0000| 0.0000| 0.1500| 0.0226
 3 1 9| |      0|      0| 0.6202| 0.2054| 0.0000| 0.0000| 0.0000| 0.0000| 0.1500| 0.0226
 3 2 1| |      1|      3| 0.1835| 0.2955| 0.0000| 0.0000| 0.0000| 0.0000| 0.1500| 0.0510
 3 2 2| |      0|      1| 0.2193| 0.2955| 0.0000| 0.0000| 0.0000| 0.0000| 0.1500| 0.0510
 3 2 4| |      3|      3| 0.1885| 0.2955| 0.0000| 0.0000| 0.0000| 0.0000| 0.1500| 0.0510
 3 2 5| |      0|      1| 0.2108| 0.2955| 0.0000| 0.0000| 0.0000| 0.0000| 0.1500| 0.0510
 3 2 6| |      0|      1| 0.1819| 0.2955| 0.0000| 0.0000| 0.0000| 0.0000| 0.1500| 0.0510
 3 2 7| |      0|      0| 0.1788| 0.2955| 0.0000| 0.0000| 0.0000| 0.0000| 0.1500| 0.0510
 3 2 8| |      0|      1| 0.2367| 0.2955| 0.0000| 0.0000| 0.0000| 0.0000| 0.1500| 0.0510
 3 2 9| |      0|      0| 0.1846| 0.2955| 0.0000| 0.0000| 0.0000| 0.0000| 0.1500| 0.0510
 3 3 1| |      0|      2| 0.0629| 0.5156| 0.0000| 0.0000| 0.0000| 0.0000| 0.3000| 0.0510
 3 3 2| |      0|      0| 0.0500| 0.5156| 0.0000| 0.0000| 0.0000| 0.0000| 0.3000| 0.0510
 3 3 4| |      1|      0| 0.0611| 0.5156| 0.0000| 0.0000| 0.0000| 0.0000| 0.3000| 0.0510
 3 3 5| |      0|      0| 0.0530| 0.5156| 0.0000| 0.0000| 0.0000| 0.0000| 0.3000| 0.0510
 3 3 6| |      0|      0| 0.0634| 0.5156| 0.0000| 0.0000| 0.0000| 0.0000| 0.3000| 0.0510
 3 3 7| |      0|      1| 0.0645| 0.5156| 0.0000| 0.0000| 0.0000| 0.0000| 0.3000| 0.0510
 3 3 8| |      0|      0| 0.0437| 0.5156| 0.0000| 0.0000| 0.0000| 0.0000| 0.3000| 0.0510
 3 3 9| |      0|      0| 0.0625| 0.5156| 0.0000| 0.0000| 0.0000| 0.0000| 0.3000| 0.0510
 4 0 1| |      0|      0| 1.0000| 0.0000| 0.0000| 0.0000| 0.0000| 0.0000| 0.0000| 0.0142
 4 0 2| |      2|      0| 1.0000| 0.0000| 0.0000| 0.0000| 0.0000| 0.0000| 0.0000| 0.0142
 4 0 4| |      4|      0| 1.0000| 0.0000| 0.0000| 0.0000| 0.0000| 0.0000| 0.0000| 0.0142
 4 0 5| |      1|      0| 1.0000| 0.0000| 0.0000| 0.0000| 0.0000| 0.0000| 0.0000| 0.0142
 4 0 6| |      0|      0| 1.0000| 0.0000| 0.0000| 0.0000| 0.0000| 0.0000| 0.0000| 0.0142
 4 0 7| |      0|      0| 1.0000| 0.0000| 0.0000| 0.0000| 0.0000| 0.0000| 0.0000| 0.0142
 4 0 8| |      0|      0| 1.0000| 0.0000| 0.0000| 0.0000| 0.0000| 0.0000| 0.0000| 0.0142
 4 0 9| |      0|      0| 1.0000| 0.0000| 0.0000| 0.0000| 0.0000| 0.0000| 0.0000| 0.0142
 4 1 1| |      1|      2| 0.4199| 0.6901| 0.0000| 0.0000| 0.0000| 0.0000| 0.1500| 0.0226
 4 1 2| |      0|      0| 0.4199| 0.6901| 0.0000| 0.0000| 0.0000| 0.0000| 0.1500| 0.0226
 4 1 4| |      0|      0| 0.4199| 0.6901| 0.0000| 0.0000| 0.0000| 0.0000| 0.1500| 0.0226
 4 1 5| |      0|      0| 0.4199| 0.6901| 0.0000| 0.0000| 0.0000| 0.0000| 0.1500| 0.0226
 4 1 6| |      0|      0| 0.4199| 0.6901| 0.0000| 0.0000| 0.0000| 0.0000| 0.1500| 0.0226
 4 1 7| |      0|      0| 0.4199| 0.6901| 0.0000| 0.0000| 0.0000| 0.0000| 0.1500| 0.0226
 4 1 8| |      0|      0| 0.4199| 0.6901| 0.0000| 0.0000| 0.0000| 0.0000| 0.1500| 0.0226
 4 1 9| |      0|      0| 0.4199| 0.6901| 0.0000| 0.0000| 0.0000| 0.0000| 0.1500| 0.0226
 4 2 1| |      0|      0| 0.1301| 1.0690| 0.0000| 0.0000| 0.0000| 0.0000| 0.1500| 0.0510
 4 2 2| |      0|      1| 0.1301| 1.0690| 0.0000| 0.0000| 0.0000| 0.0000| 0.1500| 0.0510
 4 2 4| |      0|      0| 0.1301| 1.0690| 0.0000| 0.0000| 0.0000| 0.0000| 0.1500| 0.0510
 4 2 5| |      0|      0| 0.1301| 1.0690| 0.0000| 0.0000| 0.0000| 0.0000| 0.1500| 0.0510
 4 2 6| |      0|      0| 0.1301| 1.0690| 0.0000| 0.0000| 0.0000| 0.0000| 0.1500| 0.0510
 4 2 7| |      0|      0| 0.1301| 1.0690| 0.0000| 0.0000| 0.0000| 0.0000| 0.1500| 0.0510
 4 2 8| |      0|      0| 0.1301| 1.0690| 0.0000| 0.0000| 0.0000| 0.0000| 0.1500| 0.0510
 4 2 9| |      0|      0| 0.1301| 1.0690| 0.0000| 0.0000| 0.0000| 0.0000| 0.1500| 0.0510
 4 3 1| |      0|      0| 0.1236| 1.0690| 0.0000| 0.0000| 0.0000| 0.0000| 0.3000| 0.0510
 4 3 2| |      0|      0| 0.1236| 1.0690| 0.0000| 0.0000| 0.0000| 0.0000| 0.3000| 0.0510
 4 3 4| |      1|      0| 0.1236| 1.0690| 0.0000| 0.0000| 0.0000| 0.0000| 0.3000| 0.0510
 4 3 5| |      0|      0| 0.1236| 1.0690| 0.0000| 0.0000| 0.0000| 0.0000| 0.3000| 0.0510
 4 3 6| |      0|      0| 0.1236| 1.0690| 0.0000| 0.0000| 0.0000| 0.0000| 0.3000| 0.0510
 4 3 7| |      0|      0| 0.1236| 1.0690| 0.0000| 0.0000| 0.0000| 0.0000| 0.3000| 0.0510
 4 3 8| |      0|      0| 0.1236| 1.0690| 0.0000| 0.0000| 0.0000| 0.0000| 0.3000| 0.0510
 4 3 9| |      0|      0| 0.1236| 1.0690| 0.0000| 0.0000| 0.0000| 0.0000| 0.3000| 0.0510
