 j b k| | Nmumu |  Nee  | Nb/0b | stat  |MC stat| ttz SF| syst+ | syst- | sysKin| sysPur
 0 0 0| |  10235|   7880| 1.0000| 0.0000| 0.0000| 0.0000| 0.0000| 0.0000| 0.0000| 0.0109
 0 0 1| |    605|    461| 1.0000| 0.0000| 0.0000| 0.0000| 0.0000| 0.0000| 0.0000| 0.0109
 0 0 2| |     43|     22| 1.0000| 0.0000| 0.0000| 0.0000| 0.0000| 0.0000| 0.0000| 0.0109
 0 0 3| |   9465|   7238| 1.0000| 0.0000| 0.0000| 0.0000| 0.0000| 0.0000| 0.0000| 0.0109
 0 0 4| |   1923|   1421| 1.0000| 0.0000| 0.0000| 0.0000| 0.0000| 0.0000| 0.0000| 0.0109
 0 0 5| |     74|     55| 1.0000| 0.0000| 0.0000| 0.0000| 0.0000| 0.0000| 0.0000| 0.0109
 0 0 6| |    718|    625| 1.0000| 0.0000| 0.0000| 0.0000| 0.0000| 0.0000| 0.0000| 0.0109
 0 0 7| |     30|     24| 1.0000| 0.0000| 0.0000| 0.0000| 0.0000| 0.0000| 0.0000| 0.0109
 0 0 8| |     97|     90| 1.0000| 0.0000| 0.0000| 0.0000| 0.0000| 0.0000| 0.0000| 0.0109
 0 0 9| |      5|      6| 1.0000| 0.0000| 0.0000| 0.0000| 0.0000| 0.0000| 0.0000| 0.0109
 0 1 0| |   1087|    771| 0.0988| 0.0162| 0.0000| 0.0000| 0.0000| 0.0000| 0.0700| 0.0122
 0 1 1| |     73|     62| 0.1112| 0.0162| 0.0000| 0.0000| 0.0000| 0.0000| 0.0700| 0.0122
 0 1 2| |      4|      3| 0.1120| 0.0162| 0.0000| 0.0000| 0.0000| 0.0000| 0.0700| 0.0122
 0 1 3| |    912|    730| 0.0985| 0.0162| 0.0000| 0.0000| 0.0000| 0.0000| 0.0700| 0.0122
 0 1 4| |    219|    176| 0.1099| 0.0162| 0.0000| 0.0000| 0.0000| 0.0000| 0.0700| 0.0122
 0 1 5| |      6|      6| 0.1121| 0.0162| 0.0000| 0.0000| 0.0000| 0.0000| 0.0700| 0.0122
 0 1 6| |     48|     70| 0.1017| 0.0162| 0.0000| 0.0000| 0.0000| 0.0000| 0.0700| 0.0122
 0 1 7| |      2|      2| 0.1103| 0.0162| 0.0000| 0.0000| 0.0000| 0.0000| 0.0700| 0.0122
 0 1 8| |     13|      8| 0.1023| 0.0162| 0.0000| 0.0000| 0.0000| 0.0000| 0.0700| 0.0122
 0 1 9| |      0|      1| 0.1096| 0.0162| 0.0000| 0.0000| 0.0000| 0.0000| 0.0700| 0.0122
 0 2 0| |     96|     75| 0.0091| 0.0500| 0.0000| 0.0000| 0.0000| 0.0000| 0.1000| 0.0229
 0 2 1| |     16|      0| 0.0122| 0.0500| 0.0000| 0.0000| 0.0000| 0.0000| 0.1000| 0.0229
 0 2 2| |      1|      0| 0.0124| 0.0500| 0.0000| 0.0000| 0.0000| 0.0000| 0.1000| 0.0229
 0 2 3| |     84|     76| 0.0090| 0.0500| 0.0000| 0.0000| 0.0000| 0.0000| 0.1000| 0.0229
 0 2 4| |     27|     19| 0.0119| 0.0500| 0.0000| 0.0000| 0.0000| 0.0000| 0.1000| 0.0229
 0 2 5| |      1|      0| 0.0124| 0.0500| 0.0000| 0.0000| 0.0000| 0.0000| 0.1000| 0.0229
 0 2 6| |      3|      3| 0.0098| 0.0500| 0.0000| 0.0000| 0.0000| 0.0000| 0.1000| 0.0229
 0 2 7| |      0|      0| 0.0120| 0.0500| 0.0000| 0.0000| 0.0000| 0.0000| 0.1000| 0.0229
 0 2 8| |      2|      1| 0.0100| 0.0500| 0.0000| 0.0000| 0.0000| 0.0000| 0.1000| 0.0229
 0 2 9| |      0|      0| 0.0118| 0.0500| 0.0000| 0.0000| 0.0000| 0.0000| 0.1000| 0.0229
 1 0 0| |   1694|   1297| 1.0000| 0.0000| 0.0000| 0.0000| 0.0000| 0.0000| 0.0000| 0.0112
 1 0 1| |    485|    371| 1.0000| 0.0000| 0.0000| 0.0000| 0.0000| 0.0000| 0.0000| 0.0112
 1 0 2| |     37|     26| 1.0000| 0.0000| 0.0000| 0.0000| 0.0000| 0.0000| 0.0000| 0.0112
 1 0 3| |   1432|   1205| 1.0000| 0.0000| 0.0000| 0.0000| 0.0000| 0.0000| 0.0000| 0.0112
 1 0 4| |   1214|    949| 1.0000| 0.0000| 0.0000| 0.0000| 0.0000| 0.0000| 0.0000| 0.0112
 1 0 5| |     98|     73| 1.0000| 0.0000| 0.0000| 0.0000| 0.0000| 0.0000| 0.0000| 0.0112
 1 0 6| |    216|    207| 1.0000| 0.0000| 0.0000| 0.0000| 0.0000| 0.0000| 0.0000| 0.0112
 1 0 7| |     29|     25| 1.0000| 0.0000| 0.0000| 0.0000| 0.0000| 0.0000| 0.0000| 0.0112
 1 0 8| |     43|     30| 1.0000| 0.0000| 0.0000| 0.0000| 0.0000| 0.0000| 0.0000| 0.0112
 1 0 9| |      2|      5| 1.0000| 0.0000| 0.0000| 0.0000| 0.0000| 0.0000| 0.0000| 0.0112
 1 1 0| |    353|    211| 0.1848| 0.0255| 0.0000| 0.0000| 0.0000| 0.0000| 0.0700| 0.0144
 1 1 1| |    101|     72| 0.1934| 0.0255| 0.0000| 0.0000| 0.0000| 0.0000| 0.0700| 0.0144
 1 1 2| |      6|      6| 0.1973| 0.0255| 0.0000| 0.0000| 0.0000| 0.0000| 0.0700| 0.0144
 1 1 3| |    277|    217| 0.1846| 0.0255| 0.0000| 0.0000| 0.0000| 0.0000| 0.0700| 0.0144
 1 1 4| |    247|    196| 0.1921| 0.0255| 0.0000| 0.0000| 0.0000| 0.0000| 0.0700| 0.0144
 1 1 5| |     23|     24| 0.1975| 0.0255| 0.0000| 0.0000| 0.0000| 0.0000| 0.0700| 0.0144
 1 1 6| |     36|     37| 0.1889| 0.0255| 0.0000| 0.0000| 0.0000| 0.0000| 0.0700| 0.0144
 1 1 7| |      3|     12| 0.1959| 0.0255| 0.0000| 0.0000| 0.0000| 0.0000| 0.0700| 0.0144
 1 1 8| |      7|      3| 0.1878| 0.0255| 0.0000| 0.0000| 0.0000| 0.0000| 0.0700| 0.0144
 1 1 9| |      0|      0| 0.1955| 0.0255| 0.0000| 0.0000| 0.0000| 0.0000| 0.0700| 0.0144
 1 2 0| |     54|     42| 0.0295| 0.0569| 0.0000| 0.0000| 0.0000| 0.0000| 0.1000| 0.0330
 1 2 1| |     17|     14| 0.0317| 0.0569| 0.0000| 0.0000| 0.0000| 0.0000| 0.1000| 0.0330
 1 2 2| |      1|      1| 0.0327| 0.0569| 0.0000| 0.0000| 0.0000| 0.0000| 0.1000| 0.0330
 1 2 3| |     50|     41| 0.0295| 0.0569| 0.0000| 0.0000| 0.0000| 0.0000| 0.1000| 0.0330
 1 2 4| |     48|     36| 0.0314| 0.0569| 0.0000| 0.0000| 0.0000| 0.0000| 0.1000| 0.0330
 1 2 5| |      3|      4| 0.0327| 0.0569| 0.0000| 0.0000| 0.0000| 0.0000| 0.1000| 0.0330
 1 2 6| |      2|      3| 0.0306| 0.0569| 0.0000| 0.0000| 0.0000| 0.0000| 0.1000| 0.0330
 1 2 7| |      0|      1| 0.0323| 0.0569| 0.0000| 0.0000| 0.0000| 0.0000| 0.1000| 0.0330
 1 2 8| |      2|      0| 0.0303| 0.0569| 0.0000| 0.0000| 0.0000| 0.0000| 0.1000| 0.0330
 1 2 9| |      0|      0| 0.0322| 0.0569| 0.0000| 0.0000| 0.0000| 0.0000| 0.1000| 0.0330
 1 3 0| |      6|      2| 0.0027| 0.1829| 0.0000| 0.0000| 0.0000| 0.0000| 0.2000| 0.0330
 1 3 1| |      2|      0| 0.0032| 0.1829| 0.0000| 0.0000| 0.0000| 0.0000| 0.2000| 0.0330
 1 3 2| |      0|      0| 0.0034| 0.1829| 0.0000| 0.0000| 0.0000| 0.0000| 0.2000| 0.0330
 1 3 3| |      2|      2| 0.0027| 0.1829| 0.0000| 0.0000| 0.0000| 0.0000| 0.2000| 0.0330
 1 3 4| |      8|      4| 0.0031| 0.1829| 0.0000| 0.0000| 0.0000| 0.0000| 0.2000| 0.0330
 1 3 5| |      1|      1| 0.0034| 0.1829| 0.0000| 0.0000| 0.0000| 0.0000| 0.2000| 0.0330
 1 3 6| |      1|      0| 0.0029| 0.1829| 0.0000| 0.0000| 0.0000| 0.0000| 0.2000| 0.0330
 1 3 7| |      0|      0| 0.0033| 0.1829| 0.0000| 0.0000| 0.0000| 0.0000| 0.2000| 0.0330
 1 3 8| |      1|      0| 0.0029| 0.1829| 0.0000| 0.0000| 0.0000| 0.0000| 0.2000| 0.0330
 1 3 9| |      0|      0| 0.0033| 0.1829| 0.0000| 0.0000| 0.0000| 0.0000| 0.2000| 0.0330
 2 0 0| |     97|     94| 1.0000| 0.0000| 0.0000| 0.0000| 0.0000| 0.0000| 0.0000| 0.0140
 2 0 1| |     99|     87| 1.0000| 0.0000| 0.0000| 0.0000| 0.0000| 0.0000| 0.0000| 0.0140
 2 0 2| |     18|      9| 1.0000| 0.0000| 0.0000| 0.0000| 0.0000| 0.0000| 0.0000| 0.0140
 2 0 3| |     76|     68| 1.0000| 0.0000| 0.0000| 0.0000| 0.0000| 0.0000| 0.0000| 0.0140
 2 0 4| |    246|    180| 1.0000| 0.0000| 0.0000| 0.0000| 0.0000| 0.0000| 0.0000| 0.0140
 2 0 5| |     33|     27| 1.0000| 0.0000| 0.0000| 0.0000| 0.0000| 0.0000| 0.0000| 0.0140
 2 0 6| |     20|     24| 1.0000| 0.0000| 0.0000| 0.0000| 0.0000| 0.0000| 0.0000| 0.0140
 2 0 7| |     17|     13| 1.0000| 0.0000| 0.0000| 0.0000| 0.0000| 0.0000| 0.0000| 0.0140
 2 0 8| |      7|      6| 1.0000| 0.0000| 0.0000| 0.0000| 0.0000| 0.0000| 0.0000| 0.0140
 2 0 9| |      2|      2| 1.0000| 0.0000| 0.0000| 0.0000| 0.0000| 0.0000| 0.0000| 0.0140
 2 1 0| |     30|     20| 0.2923| 0.0616| 0.0000| 0.0000| 0.0000| 0.0000| 0.0700| 0.0249
 2 1 1| |     41|     29| 0.2936| 0.0616| 0.0000| 0.0000| 0.0000| 0.0000| 0.0700| 0.0249
 2 1 2| |      5|      3| 0.2946| 0.0616| 0.0000| 0.0000| 0.0000| 0.0000| 0.0700| 0.0249
 2 1 3| |     25|     10| 0.2923| 0.0616| 0.0000| 0.0000| 0.0000| 0.0000| 0.0700| 0.0249
 2 1 4| |     74|     55| 0.2935| 0.0616| 0.0000| 0.0000| 0.0000| 0.0000| 0.0700| 0.0249
 2 1 5| |     10|     13| 0.2943| 0.0616| 0.0000| 0.0000| 0.0000| 0.0000| 0.0700| 0.0249
 2 1 6| |     12|      6| 0.2931| 0.0616| 0.0000| 0.0000| 0.0000| 0.0000| 0.0700| 0.0249
 2 1 7| |      2|      7| 0.2942| 0.0616| 0.0000| 0.0000| 0.0000| 0.0000| 0.0700| 0.0249
 2 1 8| |      0|      1| 0.2926| 0.0616| 0.0000| 0.0000| 0.0000| 0.0000| 0.0700| 0.0249
 2 1 9| |      0|      1| 0.2950| 0.0616| 0.0000| 0.0000| 0.0000| 0.0000| 0.0700| 0.0249
 2 2 0| |      5|      5| 0.0791| 0.1034| 0.0000| 0.0000| 0.0000| 0.0000| 0.1000| 0.0491
 2 2 1| |      3|     16| 0.0824| 0.1034| 0.0000| 0.0000| 0.0000| 0.0000| 0.1000| 0.0491
 2 2 2| |      0|      1| 0.0847| 0.1034| 0.0000| 0.0000| 0.0000| 0.0000| 0.1000| 0.0491
 2 2 3| |      9|      4| 0.0791| 0.1034| 0.0000| 0.0000| 0.0000| 0.0000| 0.1000| 0.0491
 2 2 4| |     23|     22| 0.0820| 0.1034| 0.0000| 0.0000| 0.0000| 0.0000| 0.1000| 0.0491
 2 2 5| |      1|      3| 0.0839| 0.1034| 0.0000| 0.0000| 0.0000| 0.0000| 0.1000| 0.0491
 2 2 6| |      5|      2| 0.0811| 0.1034| 0.0000| 0.0000| 0.0000| 0.0000| 0.1000| 0.0491
 2 2 7| |      0|      0| 0.0838| 0.1034| 0.0000| 0.0000| 0.0000| 0.0000| 0.1000| 0.0491
 2 2 8| |      1|      2| 0.0799| 0.1034| 0.0000| 0.0000| 0.0000| 0.0000| 0.1000| 0.0491
 2 2 9| |      0|      0| 0.0857| 0.1034| 0.0000| 0.0000| 0.0000| 0.0000| 0.1000| 0.0491
 2 3 0| |      0|      1| 0.0096| 0.2902| 0.0000| 0.0000| 0.0000| 0.0000| 0.2000| 0.0491
 2 3 1| |      1|      3| 0.0097| 0.2902| 0.0000| 0.0000| 0.0000| 0.0000| 0.2000| 0.0491
 2 3 2| |      0|      0| 0.0097| 0.2902| 0.0000| 0.0000| 0.0000| 0.0000| 0.2000| 0.0491
 2 3 3| |      1|      1| 0.0096| 0.2902| 0.0000| 0.0000| 0.0000| 0.0000| 0.2000| 0.0491
 2 3 4| |      3|      1| 0.0097| 0.2902| 0.0000| 0.0000| 0.0000| 0.0000| 0.2000| 0.0491
 2 3 5| |      0|      0| 0.0097| 0.2902| 0.0000| 0.0000| 0.0000| 0.0000| 0.2000| 0.0491
 2 3 6| |      0|      1| 0.0096| 0.2902| 0.0000| 0.0000| 0.0000| 0.0000| 0.2000| 0.0491
 2 3 7| |      0|      0| 0.0097| 0.2902| 0.0000| 0.0000| 0.0000| 0.0000| 0.2000| 0.0491
 2 3 8| |      0|      0| 0.0096| 0.2902| 0.0000| 0.0000| 0.0000| 0.0000| 0.2000| 0.0491
 2 3 9| |      0|      0| 0.0098| 0.2902| 0.0000| 0.0000| 0.0000| 0.0000| 0.2000| 0.0491
 3 0 1| |     17|      4| 1.0000| 0.0000| 0.0000| 0.0000| 0.0000| 0.0000| 0.0000| 0.0140
 3 0 2| |      3|      2| 1.0000| 0.0000| 0.0000| 0.0000| 0.0000| 0.0000| 0.0000| 0.0140
 3 0 4| |     14|     15| 1.0000| 0.0000| 0.0000| 0.0000| 0.0000| 0.0000| 0.0000| 0.0140
 3 0 5| |      7|      5| 1.0000| 0.0000| 0.0000| 0.0000| 0.0000| 0.0000| 0.0000| 0.0140
 3 0 6| |      0|      2| 1.0000| 0.0000| 0.0000| 0.0000| 0.0000| 0.0000| 0.0000| 0.0140
 3 0 7| |      2|      0| 1.0000| 0.0000| 0.0000| 0.0000| 0.0000| 0.0000| 0.0000| 0.0140
 3 0 8| |      1|      0| 1.0000| 0.0000| 0.0000| 0.0000| 0.0000| 0.0000| 0.0000| 0.0140
 3 0 9| |      0|      0| 1.0000| 0.0000| 0.0000| 0.0000| 0.0000| 0.0000| 0.0000| 0.0140
 3 1 1| |      9|      6| 0.5534| 0.1972| 0.0000| 0.0000| 0.0000| 0.0000| 0.0700| 0.0249
 3 1 2| |      2|      2| 0.5108| 0.1972| 0.0000| 0.0000| 0.0000| 0.0000| 0.0700| 0.0249
 3 1 4| |      9|      6| 0.5469| 0.1972| 0.0000| 0.0000| 0.0000| 0.0000| 0.0700| 0.0249
 3 1 5| |      2|      3| 0.5179| 0.1972| 0.0000| 0.0000| 0.0000| 0.0000| 0.0700| 0.0249
 3 1 6| |      1|      0| 0.5632| 0.1972| 0.0000| 0.0000| 0.0000| 0.0000| 0.0700| 0.0249
 3 1 7| |      0|      0| 0.5573| 0.1972| 0.0000| 0.0000| 0.0000| 0.0000| 0.0700| 0.0249
 3 1 8| |      0|      0| 0.4951| 0.1972| 0.0000| 0.0000| 0.0000| 0.0000| 0.0700| 0.0249
 3 1 9| |      0|      0| 0.5363| 0.1972| 0.0000| 0.0000| 0.0000| 0.0000| 0.0700| 0.0249
 3 2 1| |      1|      3| 0.1642| 0.2838| 0.0000| 0.0000| 0.0000| 0.0000| 0.1000| 0.0491
 3 2 2| |      0|      0| 0.2166| 0.2838| 0.0000| 0.0000| 0.0000| 0.0000| 0.1000| 0.0491
 3 2 4| |      4|      4| 0.1722| 0.2838| 0.0000| 0.0000| 0.0000| 0.0000| 0.1000| 0.0491
 3 2 5| |      0|      1| 0.2078| 0.2838| 0.0000| 0.0000| 0.0000| 0.0000| 0.1000| 0.0491
 3 2 6| |      0|      1| 0.1522| 0.2838| 0.0000| 0.0000| 0.0000| 0.0000| 0.1000| 0.0491
 3 2 7| |      0|      0| 0.1594| 0.2838| 0.0000| 0.0000| 0.0000| 0.0000| 0.1000| 0.0491
 3 2 8| |      0|      1| 0.2357| 0.2838| 0.0000| 0.0000| 0.0000| 0.0000| 0.1000| 0.0491
 3 2 9| |      0|      0| 0.1852| 0.2838| 0.0000| 0.0000| 0.0000| 0.0000| 0.1000| 0.0491
 3 3 1| |      0|      2| 0.0561| 0.5137| 0.0000| 0.0000| 0.0000| 0.0000| 0.2000| 0.0491
 3 3 2| |      0|      0| 0.0450| 0.5137| 0.0000| 0.0000| 0.0000| 0.0000| 0.2000| 0.0491
 3 3 4| |      1|      0| 0.0544| 0.5137| 0.0000| 0.0000| 0.0000| 0.0000| 0.2000| 0.0491
 3 3 5| |      0|      0| 0.0468| 0.5137| 0.0000| 0.0000| 0.0000| 0.0000| 0.2000| 0.0491
 3 3 6| |      0|      0| 0.0587| 0.5137| 0.0000| 0.0000| 0.0000| 0.0000| 0.2000| 0.0491
 3 3 7| |      0|      1| 0.0572| 0.5137| 0.0000| 0.0000| 0.0000| 0.0000| 0.2000| 0.0491
 3 3 8| |      0|      0| 0.0409| 0.5137| 0.0000| 0.0000| 0.0000| 0.0000| 0.2000| 0.0491
 3 3 9| |      0|      0| 0.0517| 0.5137| 0.0000| 0.0000| 0.0000| 0.0000| 0.2000| 0.0491
 4 0 1| |      0|      0| 1.0000| 0.0000| 0.0000| 0.0000| 0.0000| 0.0000| 0.0000| 0.0140
 4 0 2| |      2|      0| 1.0000| 0.0000| 0.0000| 0.0000| 0.0000| 0.0000| 0.0000| 0.0140
 4 0 4| |      5|      0| 1.0000| 0.0000| 0.0000| 0.0000| 0.0000| 0.0000| 0.0000| 0.0140
 4 0 5| |      1|      0| 1.0000| 0.0000| 0.0000| 0.0000| 0.0000| 0.0000| 0.0000| 0.0140
 4 0 6| |      0|      0| 1.0000| 0.0000| 0.0000| 0.0000| 0.0000| 0.0000| 0.0000| 0.0140
 4 0 7| |      0|      0| 1.0000| 0.0000| 0.0000| 0.0000| 0.0000| 0.0000| 0.0000| 0.0140
 4 0 8| |      0|      0| 1.0000| 0.0000| 0.0000| 0.0000| 0.0000| 0.0000| 0.0000| 0.0140
 4 0 9| |      0|      0| 1.0000| 0.0000| 0.0000| 0.0000| 0.0000| 0.0000| 0.0000| 0.0140
 4 1 1| |      1|      2| 0.9158| 0.1972| 0.1311| 0.0437| 0.1000| 0.1000| 0.0700| 0.0249
 4 1 2| |      0|      0| 0.8016| 0.1972| 0.1323| 0.0437| 0.1000| 0.1000| 0.0700| 0.0249
 4 1 4| |      0|      0| 0.8975| 0.1972| 0.1313| 0.0437| 0.1000| 0.1000| 0.0700| 0.0249
 4 1 5| |      0|      0| 0.8199| 0.1972| 0.1321| 0.0437| 0.1000| 0.1000| 0.0700| 0.0249
 4 1 6| |      0|      0| 0.9438| 0.1972| 0.1309| 0.0437| 0.1000| 0.1000| 0.0700| 0.0249
 4 1 7| |      0|      0| 0.9269| 0.1972| 0.1310| 0.0437| 0.1000| 0.1000| 0.0700| 0.0249
 4 1 8| |      0|      0| 0.7627| 0.1972| 0.1327| 0.0437| 0.1000| 0.1000| 0.0700| 0.0249
 4 1 9| |      0|      0| 0.8686| 0.1972| 0.1316| 0.0437| 0.1000| 0.1000| 0.0700| 0.0249
 4 2 1| |      0|      0| 0.3854| 0.2838| 0.1279| 0.0279| 0.1000| 0.1000| 0.1000| 0.0491
 4 2 2| |      0|      1| 0.4742| 0.2838| 0.1290| 0.0279| 0.1000| 0.1000| 0.1000| 0.0491
 4 2 4| |      0|      0| 0.3998| 0.2838| 0.1280| 0.0279| 0.1000| 0.1000| 0.1000| 0.0491
 4 2 5| |      0|      0| 0.4602| 0.2838| 0.1288| 0.0279| 0.1000| 0.1000| 0.1000| 0.0491
 4 2 6| |      0|      0| 0.3632| 0.2838| 0.1276| 0.0279| 0.1000| 0.1000| 0.1000| 0.0491
 4 2 7| |      0|      0| 0.3767| 0.2838| 0.1278| 0.0279| 0.1000| 0.1000| 0.1000| 0.0491
 4 2 8| |      0|      0| 0.5038| 0.2838| 0.1295| 0.0279| 0.1000| 0.1000| 0.1000| 0.0491
 4 2 9| |      0|      0| 0.4224| 0.2838| 0.1283| 0.0279| 0.1000| 0.1000| 0.1000| 0.0491
 4 3 1| |      0|      0| 0.1569| 0.5137| 0.1536| 0.0208| 0.2000| 0.2000| 0.2000| 0.0491
 4 3 2| |      0|      0| 0.1142| 0.5137| 0.1554| 0.0208| 0.2000| 0.2000| 0.2000| 0.0491
 4 3 4| |      0|      0| 0.1498| 0.5137| 0.1538| 0.0208| 0.2000| 0.2000| 0.2000| 0.0491
 4 3 5| |      0|      0| 0.1208| 0.5137| 0.1551| 0.0208| 0.2000| 0.2000| 0.2000| 0.0491
 4 3 6| |      1|      0| 0.1679| 0.5137| 0.1532| 0.0208| 0.2000| 0.2000| 0.2000| 0.0491
 4 3 7| |      0|      0| 0.1612| 0.5137| 0.1534| 0.0208| 0.2000| 0.2000| 0.2000| 0.0491
 4 3 8| |      0|      0| 0.1005| 0.5137| 0.1561| 0.0208| 0.2000| 0.2000| 0.2000| 0.0491
 4 3 9| |      0|      0| 0.1388| 0.5137| 0.1543| 0.0208| 0.2000| 0.2000| 0.2000| 0.0491
