 binIndex : nMCGJ( nMCerr)|nMCEBt |nMCECt |Nobs |nEB| pEB(pEBerr) |nEC| pEC(pECerr) | trigW(trigWsysErr,trigWerr) | SF(SFerr) |ZgR(REr1) |f(fsysErr,+ferrUp-ferrDn) |purity(pErr)| DR(+DRup-DRlow)| Yield(+YstatUp-YstatLow,+YsysUp-YsysLow)
 1 : 20753.82( 142.768)|16571.887 |4181.933 |33029.0 |25696.0| 0.934(0.017) |7333.0| 0.95(0.024) | 1.0(0.02,0.007) | 1.0(0.045) |0.426(0.008) |0.973(0.3,+0.004-0.004) |0.938(0.018)| 1.0(+0.0-0.0)| 12840.07(+0.014-0.014,+0.305-0.305)
 2 : 1658.514( 19.529)|1328.852 |329.662 |1932.0 |1539.0| 0.934(0.017) |393.0| 0.95(0.024) | 1.0(0.02,0.007) | 1.0(0.045) |0.418(0.014) |0.98(0.3,+0.003-0.003) |0.938(0.018)| 1.0(+0.0-0.0)| 742.467(+0.059-0.059,+0.305-0.305)
 3 : 121.527( 5.023)|102.509 |19.018 |90.0 |70.0| 0.934(0.017) |20.0| 0.95(0.024) | 1.0(0.02,0.007) | 1.0(0.042) |0.454(0.052) |0.976(0.3,+0.001-0.001) |0.938(0.018)| 1.0(+0.0-0.0)| 37.383(+0.254-0.254,+0.309-0.309)
 4 : 19333.381( 113.923)|15858.539 |3474.841 |28343.0 |22956.0| 0.949(0.013) |5387.0| 0.94(0.026) | 1.0(0.02,0.007) | 1.0(0.043) |0.426(0.008) |0.972(0.3,+0.002-0.002) |0.947(0.015)| 1.0(+0.0-0.0)| 11116.008(+0.015-0.015,+0.304-0.304)
 5 : 4660.974( 33.588)|3925.731 |735.243 |5392.0 |4493.0| 0.949(0.013) |899.0| 0.94(0.026) | 1.0(0.02,0.007) | 1.0(0.043) |0.419(0.009) |0.98(0.3,+0.002-0.002) |0.948(0.015)| 1.0(+0.0-0.0)| 2096.023(+0.035-0.035,+0.304-0.304)
 6 : 267.975( 7.521)|231.396 |36.579 |239.0 |212.0| 0.949(0.013) |27.0| 0.94(0.026) | 1.0(0.02,0.006) | 1.0(0.042) |0.438(0.035) |0.986(0.3,+0.002-0.002) |0.948(0.014)| 1.0(+0.0-0.0)| 97.983(+0.158-0.158,+0.306-0.306)
 7 : 1825.196( 20.254)|1664.694 |160.502 |2212.0 |1964.0| 0.972(0.007) |248.0| 0.933(0.029) | 1.0(0.02,0.006) | 1.0(0.041) |0.441(0.013) |0.98(0.3,+0.004-0.004) |0.968(0.009)| 1.0(+0.0-0.0)| 926.072(+0.051-0.051,+0.304-0.304)
 8 : 77.482( 4.066)|72.954 |4.528 |79.0 |77.0| 0.972(0.007) |2.0| 0.933(0.029) | 1.0(0.02,0.006) | 1.0(0.04) |0.448(0.063) |0.988(0.3,+0.001-0.001) |0.971(0.007)| 1.0(+0.0-0.0)| 33.905(+0.262-0.262,+0.31-0.31)
 9 : 336.378( 8.47)|325.274 |11.104 |326.0 |313.0| 0.972(0.007) |13.0| 0.933(0.029) | 1.0(0.02,0.006) | 1.0(0.039) |0.48(0.029) |0.987(0.3,+0.006-0.006) |0.97(0.008)| 1.0(+0.0-0.0)| 149.816(+0.121-0.121,+0.305-0.305)
 10 : 15.848( 1.83)|15.644 |0.204 |13.0 |13.0| 0.972(0.007) |0.0| 0.933(0.029) | 1.0(0.02,0.006) | 1.0(0.037) |0.416(0.138) |0.933(0.3,+0.006-0.006) |0.972(0.007)| 1.0(+0.0-0.0)| 4.899(+0.811-0.811,+0.333-0.333)
 11 : 3561.533( 52.643)|2763.121 |798.412 |5518.0 |4196.0| 0.934(0.017) |1322.0| 0.95(0.024) | 1.0(0.02,0.007) | 1.0(0.045) |0.423(0.019) |0.908(0.3,+0.008-0.008) |0.938(0.018)| 1.0(+0.0-0.0)| 1988.079(+0.037-0.037,+0.305-0.305)
 12 : 1297.631( 17.937)|1011.153 |286.477 |1522.0 |1166.0| 0.934(0.017) |356.0| 0.95(0.024) | 1.0(0.02,0.007) | 1.0(0.045) |0.4(0.017) |0.95(0.3,+0.005-0.005) |0.938(0.018)| 1.0(+0.0-0.0)| 542.986(+0.072-0.072,+0.305-0.305)
 13 : 112.329( 4.858)|90.954 |21.375 |124.0 |103.0| 0.934(0.017) |21.0| 0.95(0.024) | 1.0(0.02,0.007) | 1.0(0.044) |0.432(0.054) |0.946(0.3,+0.005-0.005) |0.937(0.018)| 1.0(+0.0-0.0)| 47.422(+0.235-0.235,+0.309-0.309)
 14 : 3133.27( 43.436)|2586.951 |546.319 |4366.0 |3492.0| 0.949(0.013) |874.0| 0.94(0.026) | 1.0(0.02,0.007) | 1.0(0.044) |0.412(0.018) |0.928(0.3,+0.004-0.004) |0.947(0.015)| 1.0(+0.0-0.0)| 1580.68(+0.042-0.042,+0.305-0.305)
 15 : 2930.063( 26.918)|2417.077 |512.986 |3425.0 |2803.0| 0.949(0.013) |622.0| 0.94(0.026) | 1.0(0.02,0.007) | 1.0(0.044) |0.404(0.011) |0.933(0.3,+0.005-0.005) |0.948(0.015)| 1.0(+0.0-0.0)| 1224.12(+0.048-0.048,+0.305-0.305)
 16 : 259.345( 7.403)|218.596 |40.749 |246.0 |207.0| 0.949(0.013) |39.0| 0.94(0.026) | 1.0(0.02,0.007) | 1.0(0.043) |0.403(0.036) |0.963(0.3,+0.004-0.004) |0.948(0.015)| 1.0(+0.0-0.0)| 90.527(+0.173-0.173,+0.306-0.306)
 17 : 548.717( 10.898)|497.62 |51.098 |605.0 |537.0| 0.972(0.007) |68.0| 0.933(0.029) | 1.0(0.02,0.006) | 1.0(0.041) |0.411(0.023) |0.938(0.3,+0.006-0.006) |0.968(0.009)| 1.0(+0.0-0.0)| 225.938(+0.109-0.109,+0.305-0.305)
 18 : 84.628( 4.242)|78.261 |6.367 |97.0 |88.0| 0.972(0.007) |9.0| 0.933(0.029) | 1.0(0.02,0.006) | 1.0(0.042) |0.369(0.062) |0.969(0.3,+0.003-0.003) |0.968(0.009)| 1.0(+0.0-0.0)| 33.621(+0.293-0.293,+0.31-0.31)
 19 : 114.839( 4.986)|111.755 |3.085 |115.0 |110.0| 0.972(0.007) |5.0| 0.933(0.029) | 1.0(0.02,0.006) | 1.0(0.039) |0.432(0.051) |0.951(0.3,+0.013-0.013) |0.97(0.008)| 1.0(+0.0-0.0)| 45.807(+0.234-0.234,+0.308-0.308)
 20 : 13.196( 1.728)|13.196 |0.0 |12.0 |12.0| 0.972(0.007) |0.0| 0.933(0.029) | 1.0(0.02,0.006) | 1.0(0.04) |0.418(0.154) |0.891(0.3,+0.038-0.038) |0.972(0.007)| 1.0(+0.0-0.0)| 4.345(+0.885-0.885,+0.342-0.342)
 21 : 165.08( 10.804)|127.846 |37.234 |314.0 |229.0| 0.934(0.017) |85.0| 0.95(0.024) | 1.0(0.02,0.008) | 1.0(0.045) |0.48(0.084) |0.865(0.3,+0.021-0.021) |0.939(0.019)| 1.0(+0.0-0.0)| 122.285(+0.145-0.145,+0.317-0.317)
 22 : 226.546( 7.837)|173.01 |53.537 |344.0 |270.0| 0.934(0.017) |74.0| 0.95(0.024) | 1.0(0.02,0.007) | 1.0(0.046) |0.441(0.045) |0.9(0.3,+0.021-0.021) |0.938(0.018)| 1.0(+0.0-0.0)| 128.129(+0.145-0.145,+0.309-0.309)
 23 : 34.153( 2.671)|26.513 |7.639 |29.0 |26.0| 0.934(0.017) |3.0| 0.95(0.024) | 1.0(0.02,0.006) | 1.0(0.047) |0.477(0.096) |0.929(0.3,+0.027-0.027) |0.936(0.018)| 1.0(+0.0-0.0)| 12.027(+0.448-0.448,+0.321-0.321)
 24 : 132.173( 8.894)|99.768 |32.405 |222.0 |176.0| 0.949(0.013) |46.0| 0.94(0.026) | 1.0(0.02,0.007) | 1.0(0.047) |0.347(0.093) |0.881(0.3,+0.012-0.012) |0.947(0.015)| 1.0(+0.0-0.0)| 64.276(+0.232-0.232,+0.319-0.319)
 25 : 447.326( 11.134)|356.971 |90.355 |593.0 |469.0| 0.949(0.013) |124.0| 0.94(0.026) | 1.0(0.02,0.007) | 1.0(0.044) |0.382(0.031) |0.888(0.3,+0.011-0.011) |0.947(0.015)| 1.0(+0.0-0.0)| 190.604(+0.128-0.128,+0.306-0.306)
 26 : 73.651( 3.953)|61.222 |12.428 |83.0 |67.0| 0.949(0.013) |16.0| 0.94(0.026) | 1.0(0.02,0.007) | 1.0(0.044) |0.462(0.065) |0.939(0.3,+0.014-0.014) |0.947(0.015)| 1.0(+0.0-0.0)| 34.083(+0.267-0.267,+0.312-0.312)
 27 : 54.192( 3.448)|49.27 |4.922 |72.0 |62.0| 0.972(0.007) |10.0| 0.933(0.029) | 1.0(0.02,0.007) | 1.0(0.041) |0.382(0.074) |0.878(0.3,+0.016-0.016) |0.967(0.01)| 1.0(+0.0-0.0)| 23.347(+0.363-0.363,+0.313-0.313)
 28 : 22.581( 2.205)|21.342 |1.239 |21.0 |18.0| 0.972(0.007) |3.0| 0.933(0.029) | 1.0(0.02,0.007) | 1.0(0.04) |0.428(0.117) |0.95(0.3,+0.011-0.011) |0.966(0.01)| 1.0(+0.0-0.0)| 8.246(+0.556-0.556,+0.326-0.326)
 29 : 19.517( 2.035)|19.309 |0.208 |11.0 |11.0| 0.972(0.007) |0.0| 0.933(0.029) | 1.0(0.02,0.006) | 1.0(0.038) |0.275(0.132) |0.895(0.3,+0.033-0.033) |0.972(0.007)| 1.0(+0.0-0.0)| 2.629(+1.412-1.412,+0.332-0.332)
 30 : 3.198( 0.826)|3.198 |0.0 |2.0 |2.0| 0.972(0.007) |0.0| 0.933(0.029) | 1.0(0.02,0.006) | 1.0(0.037) |0.453(0.299) |0.851(0.3,+0.065-0.065) |0.972(0.007)| 1.0(+0.0-0.0)| 0.749(+2.921-2.921,+0.431-0.431)
 31 : 13.573( 1.868)|9.531 |4.042 |26.0 |22.0| 0.934(0.017) |4.0| 0.95(0.024) | 1.0(0.02,0.007) | 1.0(0.045) |0.441(0.045) |0.773(0.3,+0.108-0.108) |0.937(0.018)| 1.0(+0.0-0.0)| 8.309(+0.614-0.614,+0.326-0.326)
 32 : 5.659( 1.073)|4.489 |1.17 |10.0 |10.0| 0.934(0.017) |0.0| 0.95(0.024) | 1.0(0.02,0.006) | 1.0(0.044) |0.477(0.096) |0.911(0.3,+0.032-0.032) |0.934(0.017)| 1.0(+0.0-0.0)| 4.057(+0.881-0.881,+0.321-0.321)
 33 : 28.82( 2.866)|22.673 |6.146 |51.0 |33.0| 0.949(0.013) |18.0| 0.94(0.026) | 1.0(0.02,0.008) | 1.0(0.046) |0.382(0.031) |0.858(0.3,+0.024-0.024) |0.946(0.017)| 1.0(+0.0-0.0)| 15.822(+0.451-0.451,+0.307-0.307)
 34 : 11.943( 1.582)|9.717 |2.226 |12.0 |10.0| 0.949(0.013) |2.0| 0.94(0.026) | 1.0(0.02,0.007) | 1.0(0.046) |0.462(0.065) |0.955(0.3,+0.028-0.028) |0.948(0.015)| 1.0(+0.0-0.0)| 5.015(+0.691-0.691,+0.313-0.313)
 35 : 2.308( 0.696)|2.308 |0.0 |9.0 |8.0| 0.972(0.007) |1.0| 0.933(0.029) | 1.0(0.02,0.006) | 1.0(0.044) |0.382(0.074) |0.899(0.3,+0.029-0.029) |0.968(0.009)| 1.0(+0.0-0.0)| 2.992(+1.003-1.003,+0.314-0.314)
 36 : 3.161( 0.816)|3.161 |0.0 |6.0 |6.0| 0.972(0.007) |0.0| 0.933(0.029) | 1.0(0.02,0.006) | 1.0(0.038) |0.428(0.117) |0.879(0.3,+0.063-0.063) |0.972(0.007)| 1.0(+0.0-0.0)| 2.193(+1.352-1.352,+0.331-0.331)
 37 : 1.477( 0.558)|1.477 |0.0 |1.0 |1.0| 0.972(0.007) |0.0| 0.933(0.029) | 1.0(0.02,0.006) | 1.0(0.038) |0.275(0.132) |0.893(0.3,+0.097-0.097) |0.972(0.007)| 1.0(+0.0-0.0)| 0.238(+8.17-8.17,+0.345-0.345)
 38 : 0.649( 0.375)|0.649 |0.0 |3.0 |3.0| 0.972(0.007) |0.0| 0.933(0.029) | 1.0(0.02,0.006) | 1.0(0.028) |0.453(0.299) |0.851(0.3,+0.065-0.065) |0.972(0.007)| 1.0(+0.0-0.0)| 1.124(+2.141-2.141,+0.43-0.43)
 39 : 1.162( 0.649)|0.757 |0.405 |1.0 |0.0| 0.934(0.017) |1.0| 0.95(0.024) | 1.0(0.02,0.012) | 1.0(0.045) |0.441(0.045) |0.773(0.3,+0.108-0.108) |0.95(0.024)| 1.0(+0.0-0.0)| 0.324(+6.007-6.007,+0.327-0.327)
 40 : 0.41( 0.29)|0.205 |0.206 |1.0 |1.0| 0.934(0.017) |0.0| 0.95(0.024) | 1.0(0.02,0.006) | 1.0(0.039) |0.477(0.096) |0.911(0.3,+0.032-0.032) |0.934(0.017)| 1.0(+0.0-0.0)| 0.406(+4.798-4.798,+0.32-0.32)
 41 : 1.789( 0.744)|0.838 |0.951 |2.0 |2.0| 0.949(0.013) |0.0| 0.94(0.026) | 1.0(0.02,0.006) | 1.0(0.034) |0.382(0.031) |0.858(0.3,+0.024-0.024) |0.949(0.013)| 1.0(+0.0-0.0)| 0.623(+3.514-3.514,+0.305-0.305)
 42 : 0.82( 0.41)|0.213 |0.607 |4.0 |3.0| 0.949(0.013) |1.0| 0.94(0.026) | 1.0(0.02,0.007) | 1.0(0.035) |0.462(0.065) |0.955(0.3,+0.028-0.028) |0.947(0.016)| 1.0(+0.0-0.0)| 1.67(+1.197-1.197,+0.311-0.311)
 43 : 0.0( 0.0)|0.0 |0.0 |0.0 |0.0| 0.972(0.007) |0.0| 0.933(0.029) | 1.0(0.02,0.0) | 1.0(0.04) |0.382(0.074) |0.899(0.3,+0.029-0.029) |1.0(0.0)| 1.0(+0.0-0.0)| 0.0(+0.902-0.902,+0.314-0.314)
 44 : 0.0( 0.0)|0.0 |0.0 |0.0 |0.0| 0.972(0.007) |0.0| 0.933(0.029) | 1.0(0.02,0.0) | 1.0(0.038) |0.428(0.117) |0.879(0.3,+0.063-0.063) |1.0(0.0)| 1.0(+0.0-0.0)| 0.0(+1.01-1.01,+0.331-0.331)
 45 : 0.0( 0.0)|0.0 |0.0 |0.0 |0.0| 0.972(0.007) |0.0| 0.933(0.029) | 1.0(0.02,0.0) | 1.0(0.0) |0.275(0.132) |0.893(0.3,+0.097-0.097) |1.0(0.0)| 1.0(+0.0-0.0)| 0.0(+0.649-0.649,+0.342-0.342)
 46 : 0.216( 0.216)|0.216 |0.0 |0.0 |0.0| 0.972(0.007) |0.0| 0.933(0.029) | 1.0(0.02,0.0) | 1.0(0.026) |0.453(0.299) |0.967(0.3,+0.002-0.002) |1.0(0.0)| 1.0(+0.0-0.0)| 0.0(+1.07-1.07,+0.425-0.425)

binIndex
[1, 2, 3, 4, 5, 6, 7, 8, 9, 10, 11, 12, 13, 14, 15, 16, 17, 18, 19, 20, 21, 22, 23, 24, 25, 26, 27, 28, 29, 30, 31, 32, 33, 34, 35, 36, 37, 38, 39, 40, 41, 42, 43, 44, 45, 46]
------------------------------------------------------
nMCGJ
[20753.819786928594, 1658.5144998282194, 121.52685825526714, 19333.3805385679, 4660.973668582737, 267.97489427030087, 1825.1956868320704, 77.48200099170208, 336.3782769590616, 15.847813606262207, 3561.5328301116824, 1297.6307091414928, 112.3285945802927, 3133.2699168995023, 2930.0632407590747, 259.3453220874071, 548.7173078805208, 84.62779459357262, 114.83938485383987, 13.195558831095695, 165.08006238937378, 226.5460831001401, 34.1529521048069, 132.17288483679295, 447.3263180553913, 73.65057598054409, 54.19206054508686, 22.581101298332214, 19.5169685035944, 3.198323607444763, 13.573004767298698, 5.659130796790123, 28.81974984705448, 11.942914053797722, 2.3075148314237595, 3.1605400443077087, 1.4772769957780838, 0.6491817981004715, 1.1619412750005722, 0.41005662083625793, 1.7890660762786865, 0.8196251094341278, 0.0, 0.0, 0.0, 0.21639393270015717]
------------------------------------------------------
nMCerr
[142.76769651925326, 19.528827489199923, 5.022845350197157, 113.92308983657243, 33.58813319679071, 7.520640663524802, 20.25413573770802, 4.065880359669078, 8.47002201674659, 1.8302578556482902, 52.643144863077445, 17.937231459318582, 4.858011206815846, 43.43646098768798, 26.917842635040927, 7.403060067899006, 10.897795233942626, 4.242084624722766, 4.985691906530496, 1.7279561203836071, 10.80406416155381, 7.8373587447455595, 2.671244598287926, 8.89429733177739, 11.133663260196267, 3.9528166273160554, 3.448139295420861, 2.2046877150386357, 2.0350746062105554, 0.8259077914726906, 1.868302448980383, 1.072616094430876, 2.8656129192932873, 1.5823811212449672, 0.6958635788494261, 0.8161646374015702, 0.5584189196045104, 0.3748052858863125, 0.649184571119146, 0.28995472010236023, 0.7438167831822088, 0.409985004552263, 0.0, 0.0, 0.0, 0.21639393270015717]
------------------------------------------------------
nMCEBt
[16571.88660442829, 1328.8520078063011, 102.5087806135416, 15858.539082244039, 3925.7308212816715, 231.3955121934414, 1664.693695679307, 72.9535106420517, 325.2744620144367, 15.643722116947174, 2763.120589181781, 1011.1533016115427, 90.95356422662735, 2586.95099927485, 2417.0768790096045, 218.59595996141434, 497.61977982521057, 78.26104936003685, 111.75464925169945, 13.195558831095695, 127.84632061421871, 173.00955897569656, 26.51349639892578, 99.76813912391663, 356.9714862257242, 61.22215065360069, 49.26982335746288, 21.341796800494194, 19.308803975582123, 3.198323607444763, 9.530784264206886, 4.488849565386772, 22.673309102654457, 9.716552585363388, 2.3075148314237595, 3.1605400443077087, 1.4772769957780838, 0.6491817981004715, 0.7565265446901321, 0.20451666414737701, 0.8381819576025009, 0.21265852451324463, 0.0, 0.0, 0.0, 0.21639393270015717]
------------------------------------------------------
nMCECt
[4181.933182500303, 329.6624920219183, 19.01807764172554, 3474.841456323862, 735.2428473010659, 36.579382076859474, 160.50199115276337, 4.528490349650383, 11.1038149446249, 0.20409148931503296, 798.4122409299016, 286.47740752995014, 21.375030353665352, 546.3189176246524, 512.9863617494702, 40.749362125992775, 51.09752805531025, 6.366745233535767, 3.0847356021404266, 0.0, 37.23374177515507, 53.53652412444353, 7.639455705881119, 32.40474571287632, 90.35483182966709, 12.428425326943398, 4.922237187623978, 1.2393044978380203, 0.2081645280122757, 0.0, 4.042220503091812, 1.1702812314033508, 6.146440744400024, 2.226361468434334, 0.0, 0.0, 0.0, 0.0, 0.40541473031044006, 0.20553995668888092, 0.9508841186761856, 0.6069665849208832, 0.0, 0.0, 0.0, 0.0]
------------------------------------------------------
Nobs
[33029.0, 1932.0, 90.0, 28343.0, 5392.0, 239.0, 2212.0, 79.0, 326.0, 13.0, 5518.0, 1522.0, 124.0, 4366.0, 3425.0, 246.0, 605.0, 97.0, 115.0, 12.0, 314.0, 344.0, 29.0, 222.0, 593.0, 83.0, 72.0, 21.0, 11.0, 2.0, 26.0, 10.0, 51.0, 12.0, 9.0, 6.0, 1.0, 3.0, 1.0, 1.0, 2.0, 4.0, 0.0, 0.0, 0.0, 0.0]
------------------------------------------------------
nEB
[25696.0, 1539.0, 70.0, 22956.0, 4493.0, 212.0, 1964.0, 77.0, 313.0, 13.0, 4196.0, 1166.0, 103.0, 3492.0, 2803.0, 207.0, 537.0, 88.0, 110.0, 12.0, 229.0, 270.0, 26.0, 176.0, 469.0, 67.0, 62.0, 18.0, 11.0, 2.0, 22.0, 10.0, 33.0, 10.0, 8.0, 6.0, 1.0, 3.0, 0.0, 1.0, 2.0, 3.0, 0.0, 0.0, 0.0, 0.0]
------------------------------------------------------
pEB
[0.9343408542576667, 0.9343408542576667, 0.9343408542576667, 0.9492861356343334, 0.9492861356343334, 0.9492861356343334, 0.9718661961480001, 0.9718661961480001, 0.9718661961480001, 0.9718661961480001, 0.9343408542576667, 0.9343408542576667, 0.9343408542576667, 0.9492861356343334, 0.9492861356343334, 0.9492861356343334, 0.9718661961480001, 0.9718661961480001, 0.9718661961480001, 0.9718661961480001, 0.9343408542576667, 0.9343408542576667, 0.9343408542576667, 0.9492861356343334, 0.9492861356343334, 0.9492861356343334, 0.9718661961480001, 0.9718661961480001, 0.9718661961480001, 0.9718661961480001, 0.9343408542576667, 0.9343408542576667, 0.9492861356343334, 0.9492861356343334, 0.9718661961480001, 0.9718661961480001, 0.9718661961480001, 0.9718661961480001, 0.9343408542576667, 0.9343408542576667, 0.9492861356343334, 0.9492861356343334, 0.9718661961480001, 0.9718661961480001, 0.9718661961480001, 0.9718661961480001]
------------------------------------------------------
pEBerr
[0.016860537284168635, 0.016860537284168635, 0.016860537284168635, 0.012583949569308951, 0.012583949569308951, 0.012583949569308951, 0.006815914602498574, 0.006815914602498574, 0.006815914602498574, 0.006815914602498574, 0.016860537284168635, 0.016860537284168635, 0.016860537284168635, 0.012583949569308951, 0.012583949569308951, 0.012583949569308951, 0.006815914602498574, 0.006815914602498574, 0.006815914602498574, 0.006815914602498574, 0.016860537284168635, 0.016860537284168635, 0.016860537284168635, 0.012583949569308951, 0.012583949569308951, 0.012583949569308951, 0.006815914602498574, 0.006815914602498574, 0.006815914602498574, 0.006815914602498574, 0.016860537284168635, 0.016860537284168635, 0.012583949569308951, 0.012583949569308951, 0.006815914602498574, 0.006815914602498574, 0.006815914602498574, 0.006815914602498574, 0.016860537284168635, 0.016860537284168635, 0.012583949569308951, 0.012583949569308951, 0.006815914602498574, 0.006815914602498574, 0.006815914602498574, 0.006815914602498574]
------------------------------------------------------
nEC
[7333.0, 393.0, 20.0, 5387.0, 899.0, 27.0, 248.0, 2.0, 13.0, 0.0, 1322.0, 356.0, 21.0, 874.0, 622.0, 39.0, 68.0, 9.0, 5.0, 0.0, 85.0, 74.0, 3.0, 46.0, 124.0, 16.0, 10.0, 3.0, 0.0, 0.0, 4.0, 0.0, 18.0, 2.0, 1.0, 0.0, 0.0, 0.0, 1.0, 0.0, 0.0, 1.0, 0.0, 0.0, 0.0, 0.0]
------------------------------------------------------
pEC
[0.9498724011163334, 0.9498724011163334, 0.9498724011163334, 0.939690691016, 0.939690691016, 0.939690691016, 0.933428825701, 0.933428825701, 0.933428825701, 0.933428825701, 0.9498724011163334, 0.9498724011163334, 0.9498724011163334, 0.939690691016, 0.939690691016, 0.939690691016, 0.933428825701, 0.933428825701, 0.933428825701, 0.933428825701, 0.9498724011163334, 0.9498724011163334, 0.9498724011163334, 0.939690691016, 0.939690691016, 0.939690691016, 0.933428825701, 0.933428825701, 0.933428825701, 0.933428825701, 0.9498724011163334, 0.9498724011163334, 0.939690691016, 0.939690691016, 0.933428825701, 0.933428825701, 0.933428825701, 0.933428825701, 0.9498724011163334, 0.9498724011163334, 0.939690691016, 0.939690691016, 0.933428825701, 0.933428825701, 0.933428825701, 0.933428825701]
------------------------------------------------------
pECerr
[0.023577178219951842, 0.023577178219951842, 0.023577178219951842, 0.026210113852857774, 0.026210113852857774, 0.026210113852857774, 0.028851362033709627, 0.028851362033709627, 0.028851362033709627, 0.028851362033709627, 0.023577178219951842, 0.023577178219951842, 0.023577178219951842, 0.026210113852857774, 0.026210113852857774, 0.026210113852857774, 0.028851362033709627, 0.028851362033709627, 0.028851362033709627, 0.028851362033709627, 0.023577178219951842, 0.023577178219951842, 0.023577178219951842, 0.026210113852857774, 0.026210113852857774, 0.026210113852857774, 0.028851362033709627, 0.028851362033709627, 0.028851362033709627, 0.028851362033709627, 0.023577178219951842, 0.023577178219951842, 0.026210113852857774, 0.026210113852857774, 0.028851362033709627, 0.028851362033709627, 0.028851362033709627, 0.028851362033709627, 0.023577178219951842, 0.023577178219951842, 0.026210113852857774, 0.026210113852857774, 0.028851362033709627, 0.028851362033709627, 0.028851362033709627, 0.028851362033709627]
------------------------------------------------------
trigW
[1.0, 1.0, 1.0, 1.0, 1.0, 1.0, 1.0, 1.0, 1.0, 1.0, 1.0, 1.0, 1.0, 1.0, 1.0, 1.0, 1.0, 1.0, 1.0, 1.0, 1.0, 1.0, 1.0, 1.0, 1.0, 1.0, 1.0, 1.0, 1.0, 1.0, 1.0, 1.0, 1.0, 1.0, 1.0, 1.0, 1.0, 1.0, 1.0, 1.0, 1.0, 1.0, 1.0, 1.0, 1.0, 1.0]
------------------------------------------------------
trigWsysErr
[0.02, 0.02, 0.02, 0.02, 0.02, 0.02, 0.02, 0.02, 0.02, 0.02, 0.02, 0.02, 0.02, 0.02, 0.02, 0.02, 0.02, 0.02, 0.02, 0.02, 0.02, 0.02, 0.02, 0.02, 0.02, 0.02, 0.02, 0.02, 0.02, 0.02, 0.02, 0.02, 0.02, 0.02, 0.02, 0.02, 0.02, 0.02, 0.02, 0.02, 0.02, 0.02, 0.02, 0.02, 0.02, 0.02]
------------------------------------------------------
trigWerr
[0.007192109042962244, 0.007069450838509317, 0.007193462222222222, 0.00698140756377236, 0.006827524321216617, 0.006473033723849372, 0.006467395804701627, 0.005895022278481012, 0.0059910396932515335, 0.00572808, 0.00730792031170714, 0.007270486254927727, 0.006844843064516129, 0.0070481322858451665, 0.00692562885839416, 0.00677350512195122, 0.00646924852892562, 0.006339914845360825, 0.0060147852173913045, 0.00572808, 0.007513139554140127, 0.007146604069767441, 0.006410240689655172, 0.00709444990990991, 0.007106972546374367, 0.006999254939759036, 0.006643943888888889, 0.006670111428571428, 0.00572808, 0.00572808, 0.006742575384615385, 0.00572808, 0.008055451764705882, 0.006827116666666667, 0.006460771111111111, 0.00572808, 0.00572808, 0.00572808, 0.0123223, 0.00572808, 0.00572808, 0.0073766349999999994, 0.0, 0.0, 0.0, 0.0]
------------------------------------------------------
SF
[1.0, 1.0, 1.0, 1.0, 1.0, 1.0, 1.0, 1.0, 1.0, 1.0, 1.0, 1.0, 1.0, 1.0, 1.0, 1.0, 1.0, 1.0, 1.0, 1.0, 1.0, 1.0, 1.0, 1.0, 1.0, 1.0, 1.0, 1.0, 1.0, 1.0, 1.0, 1.0, 1.0, 1.0, 1.0, 1.0, 1.0, 1.0, 1.0, 1.0, 1.0, 1.0, 1.0, 1.0, 1.0, 1.0]
------------------------------------------------------
SFerr
[0.04454080061187667, 0.04460734652202276, 0.04238537397219602, 0.04339923225596674, 0.04314347553946269, 0.04205812679466254, 0.04085592526505195, 0.0401465128076089, 0.03911060773945404, 0.03701977927074296, 0.044902896047285264, 0.04515968510963324, 0.044030421003113974, 0.043858885956416904, 0.04372706805650269, 0.043163400637689024, 0.04097723090047982, 0.04158425748915911, 0.039044116469522265, 0.039514872280300505, 0.04470163413860873, 0.04592439805739775, 0.04654075401308581, 0.046729916016191544, 0.04396432841612808, 0.04430942193835848, 0.04090270517678356, 0.039996428778039196, 0.03799810477110838, 0.03714480724850359, 0.04491768878742036, 0.044202285961330204, 0.04646512161486175, 0.045960739206037264, 0.043947545164788944, 0.03833375553014537, 0.03751330027339971, 0.02823451355278569, 0.04450892194176695, 0.03878319582712136, 0.0341748966255985, 0.03504989843505398, 0.03997003552914712, 0.03753013495064124, 0.0, 0.02557060662793415]
------------------------------------------------------
ZgR
[0.42620862082416905, 0.41817994177024875, 0.45363416578602533, 0.42604095358920846, 0.4185076071096643, 0.4383885011103672, 0.4413170963092644, 0.44756238292173633, 0.4798386192465903, 0.41571604606337886, 0.4231772122798628, 0.4002287730329779, 0.4315024869568729, 0.4117902959451738, 0.4042726079256703, 0.4032673835457705, 0.4114641340724062, 0.3692461009148453, 0.43165013948161646, 0.4183929950132988, 0.479655725236213, 0.4413086120343055, 0.4768671225992942, 0.3468661888652564, 0.38205170517066817, 0.46166806498746643, 0.3820159620923958, 0.4275558695914299, 0.2746682175988273, 0.4531085766957106, 0.4413086120343055, 0.4768671225992942, 0.38205170517066817, 0.46166806498746643, 0.3820159620923958, 0.4275558695914299, 0.2746682175988273, 0.4531085766957106, 0.4413086120343055, 0.4768671225992942, 0.38205170517066817, 0.46166806498746643, 0.3820159620923958, 0.4275558695914299, 0.2746682175988273, 0.4531085766957106]
------------------------------------------------------
REr1
[0.008265986856202591, 0.014173832185956001, 0.05165653446291886, 0.007559057345807542, 0.008592717003459505, 0.03469513068298815, 0.012668012250974072, 0.06284617221318112, 0.02878899874729076, 0.13846991631733574, 0.01866307557649175, 0.017111244001907645, 0.054377692789975125, 0.018357672936204193, 0.011238621104927526, 0.03566316566286868, 0.022854536479082817, 0.0618785711685896, 0.05057508897178935, 0.1537754742174122, 0.08364802414055016, 0.0446133357807571, 0.09620377282489675, 0.09254687526818864, 0.03104516119750957, 0.06515061058617672, 0.07398954413449353, 0.11710486048300227, 0.13238087179415206, 0.2992976303216985, 0.0446133357807571, 0.09620377282489675, 0.03104516119750957, 0.06515061058617672, 0.07398954413449353, 0.11710486048300227, 0.13238087179415206, 0.2992976303216985, 0.0446133357807571, 0.09620377282489675, 0.03104516119750957, 0.06515061058617672, 0.07398954413449353, 0.11710486048300227, 0.13238087179415206, 0.2992976303216985]
------------------------------------------------------
f
[0.972623016683, 0.980247218149, 0.976385796318, 0.971604956443, 0.980117806052, 0.986261616817, 0.980465385921, 0.987674893849, 0.987019258, 0.9327849345, 0.907607877202, 0.950330837233, 0.945909675462, 0.928039958782, 0.933017544812, 0.962827005639, 0.938060873667, 0.969416300773, 0.951137865027, 0.890546150898, 0.865083474782, 0.900100821186, 0.929171599497, 0.881146465829, 0.888132638329, 0.938802522176, 0.878205099289, 0.950368331299, 0.895465042805, 0.850674480001, 0.773058774263, 0.910582821779, 0.858479873744, 0.955198514846, 0.899395869929, 0.879408796982, 0.892549979777, 0.850674480001, 0.773058774263, 0.910582821779, 0.858479873744, 0.955198514846, 0.899395869929, 0.879408796982, 0.892549979777, 0.967403988273]
------------------------------------------------------
fsysErr
[0.3, 0.3, 0.3, 0.3, 0.3, 0.3, 0.3, 0.3, 0.3, 0.3, 0.3, 0.3, 0.3, 0.3, 0.3, 0.3, 0.3, 0.3, 0.3, 0.3, 0.3, 0.3, 0.3, 0.3, 0.3, 0.3, 0.3, 0.3, 0.3, 0.3, 0.3, 0.3, 0.3, 0.3, 0.3, 0.3, 0.3, 0.3, 0.3, 0.3, 0.3, 0.3, 0.3, 0.3, 0.3, 0.3]
------------------------------------------------------
ferrUp
[0.0037090960713464004, 0.0034780607218328967, 0.0013879267249179024, 0.0018844041323161065, 0.0022252202425187737, 0.001520573318365552, 0.0037201748652796337, 0.0014121367478773159, 0.005657894555072603, 0.0058561224311133005, 0.00750460457627129, 0.005271955543247971, 0.005074476593693359, 0.003796406495334558, 0.005088507660096187, 0.004015259594265586, 0.006479589262516991, 0.003474481831339359, 0.012670192788989537, 0.03804035935435772, 0.021240902520338303, 0.021274828323640516, 0.026948563571309248, 0.011887645783434132, 0.010876814791217625, 0.014126829584415707, 0.0161245929451612, 0.011498275198694532, 0.03281739930265418, 0.06452814198979552, 0.10825328080142764, 0.03185804214966909, 0.023888862901421438, 0.02779153760910097, 0.02873151274892994, 0.06311341673096323, 0.09677525045855793, 0.06452814198979552, 0.10825328080142764, 0.03185804214966909, 0.023888862901421438, 0.02779153760910097, 0.02873151274892994, 0.06311341673096323, 0.09677525045855793, 0.0019457421049610272]
------------------------------------------------------
ferrDn
[0.0037090960713464004, 0.0034780607218328967, 0.0013879267249179024, 0.0018844041323161065, 0.0022252202425187737, 0.001520573318365552, 0.0037201748652796337, 0.0014121367478773159, 0.005657894555072603, 0.0058561224311133005, 0.00750460457627129, 0.005271955543247971, 0.005074476593693359, 0.003796406495334558, 0.005088507660096187, 0.004015259594265586, 0.006479589262516991, 0.003474481831339359, 0.012670192788989537, 0.03804035935435772, 0.021240902520338303, 0.021274828323640516, 0.026948563571309248, 0.011887645783434132, 0.010876814791217625, 0.014126829584415707, 0.0161245929451612, 0.011498275198694532, 0.03281739930265418, 0.06452814198979552, 0.10825328080142764, 0.03185804214966909, 0.023888862901421438, 0.02779153760910097, 0.02873151274892994, 0.06311341673096323, 0.09677525045855793, 0.06452814198979552, 0.10825328080142764, 0.03185804214966909, 0.023888862901421438, 0.02779153760910097, 0.02873151274892994, 0.06311341673096323, 0.09677525045855793, 0.0019457421049610272]
------------------------------------------------------
purity
[0.9377891219349987, 0.9375002217087308, 0.9377923091151481, 0.9474623816153883, 0.9476863016744147, 0.9482021314305886, 0.96755676221, 0.9708930981620001, 0.9703334175718928, 0.9718661961480001, 0.9380618953861838, 0.9379737259276307, 0.936971196870828, 0.9473652884981851, 0.9475435468598506, 0.9477649066094757, 0.9675459627754447, 0.968299842189, 0.9701950061285652, 0.9718661961480001, 0.9385452538850128, 0.9376819428261008, 0.9359475660016666, 0.9472978903530571, 0.9472796682942435, 0.9474364113705582, 0.9665276724748055, 0.9663751432270001, 0.971866196148, 0.9718661961480001, 0.9367303230051538, 0.9343408542576667, 0.9458995081219804, 0.947686894864611, 0.9675953772094444, 0.9718661961480001, 0.9718661961480001, 0.9718661961480001, 0.9498724011163334, 0.9343408542576667, 0.9492861356343334, 0.9468872744797501, 1.0, 1.0, 1.0, 1.0]
------------------------------------------------------
pErr
[0.018370959867853715, 0.0182448412098096, 0.0183723507898758, 0.01515255696358538, 0.014836651598782204, 0.014109489154211128, 0.009199294035735023, 0.0073522476677616985, 0.007661208717818639, 0.006815914602498574, 0.018489967123862434, 0.01845150758839041, 0.018013695162091833, 0.015289581891054924, 0.015038032167463106, 0.014725791524211669, 0.009205293449957196, 0.008786811908388509, 0.007737671106831227, 0.006815914602498574, 0.018700679805960883, 0.018324180168395023, 0.01756569967067558, 0.015384715612603947, 0.015410438708571296, 0.015189205326303603, 0.009771586977904131, 0.009856514601913077, 0.006815914602498575, 0.006815914602498574, 0.01790836399610375, 0.016860537284168635, 0.017361616549373533, 0.014835814927106407, 0.009177843325091424, 0.006815914602498574, 0.006815914602498574, 0.006815914602498574, 0.023577178219951842, 0.016860537284168635, 0.012583949569308951, 0.01596460006398918, 0.0, 0.0, 0.0, 0.0]
------------------------------------------------------
DR
[1.0, 1.0, 1.0, 1.0, 1.0, 1.0, 1.0, 1.0, 1.0, 1.0, 1.0, 1.0, 1.0, 1.0, 1.0, 1.0, 1.0, 1.0, 1.0, 1.0, 1.0, 1.0, 1.0, 1.0, 1.0, 1.0, 1.0, 1.0, 1.0, 1.0, 1.0, 1.0, 1.0, 1.0, 1.0, 1.0, 1.0, 1.0, 1.0, 1.0, 1.0, 1.0, 1.0, 1.0, 1.0, 1.0]
------------------------------------------------------
DRup
[0.0, 0.0, 0.0, 0.0, 0.0, 0.0, 0.0, 0.0, 0.0, 0.0, 0.0, 0.0, 0.0, 0.0, 0.0, 0.0, 0.0, 0.0, 0.0, 0.0, 0.0, 0.0, 0.0, 0.0, 0.0, 0.0, 0.0, 0.0, 0.0, 0.0, 0.0, 0.0, 0.0, 0.0, 0.0, 0.0, 0.0, 0.0, 0.0, 0.0, 0.0, 0.0, 0.0, 0.0, 0.0, 0.0]
------------------------------------------------------
DRlow
[0.0, 0.0, 0.0, 0.0, 0.0, 0.0, 0.0, 0.0, 0.0, 0.0, 0.0, 0.0, 0.0, 0.0, 0.0, 0.0, 0.0, 0.0, 0.0, 0.0, 0.0, 0.0, 0.0, 0.0, 0.0, 0.0, 0.0, 0.0, 0.0, 0.0, 0.0, 0.0, 0.0, 0.0, 0.0, 0.0, 0.0, 0.0, 0.0, 0.0, 0.0, 0.0, 0.0, 0.0, 0.0, 0.0]
------------------------------------------------------
Yield
[12840.069910092798, 742.4672767781469, 37.383192365468254, 11116.008291834385, 2096.0233785732567, 97.98286047448562, 926.0716585336523, 33.90518332481154, 149.8164195177509, 4.899233515454649, 1988.0793802274482, 542.9857786388844, 47.422112517311554, 1580.6800922179527, 1224.1196814986201, 90.52678383888843, 225.93836777616687, 33.6207836137289, 45.80704032959828, 4.345387975106698, 122.28481041441634, 128.12903519631342, 12.026598851631382, 64.27611466616709, 190.60438257524646, 34.08256294491145, 23.346632840716158, 8.24612425077818, 2.6293972689064673, 0.749207574340518, 8.30888682513445, 4.05716035568021, 15.822220627204082, 5.014984484014256, 2.9920489406353776, 2.19250910491513, 0.23825796622711634, 1.123811361510777, 0.3240560886409216, 0.40571603556802105, 0.6227007575239764, 1.6702510134091266, 0.0, 0.0, 0.0, 0.0]
------------------------------------------------------
YstatUp
[0.014154036922142002, 0.05920061843318875, 0.2537726817913055, 0.015145166296764028, 0.03503312021869076, 0.15777886825181978, 0.050786463047244094, 0.26214854325271497, 0.12051729805976641, 0.8110503145015363, 0.03736432380712792, 0.07184869280380914, 0.23481722206270317, 0.041802079036759504, 0.04780864194745332, 0.17325686914131191, 0.1088648554674222, 0.29293956723169196, 0.2341082335292116, 0.8849920674427567, 0.1449079823292616, 0.14475436393143976, 0.44777121724684593, 0.23180717289985872, 0.12775987096812091, 0.26730482663142835, 0.3634477584896257, 0.5557247933201329, 1.4122403098945553, 2.9208935172695, 0.6136826293226438, 0.8814433845033094, 0.45135437033814135, 0.6907502159139096, 1.002657396159748, 1.3521530620916373, 8.16975703978023, 2.1409405372195933, 6.006706138530797, 4.797714475698505, 3.5142972295102206, 1.1974248085728307, 0.9022210982389007, 1.0097743667788655, 0.648693995863447, 1.0701231316323747]
------------------------------------------------------
YstatLow
[0.014154036922142002, 0.05920061843318875, 0.2537726817913055, 0.015145166296764028, 0.03503312021869076, 0.15777886825181978, 0.050786463047244094, 0.26214854325271497, 0.12051729805976641, 0.8110503145015363, 0.03736432380712792, 0.07184869280380914, 0.23481722206270317, 0.041802079036759504, 0.04780864194745332, 0.17325686914131191, 0.1088648554674222, 0.29293956723169196, 0.2341082335292116, 0.8849920674427567, 0.1449079823292616, 0.14475436393143976, 0.44777121724684593, 0.23180717289985872, 0.12775987096812091, 0.26730482663142835, 0.3634477584896257, 0.5557247933201329, 1.4122403098945553, 2.9208935172695, 0.6136826293226438, 0.8814433845033094, 0.45135437033814135, 0.6907502159139096, 1.002657396159748, 1.3521530620916373, 8.16975703978023, 2.1409405372195933, 6.006706138530797, 4.797714475698505, 3.5142972295102206, 1.1974248085728307, 0.9022210982389007, 1.0097743667788655, 0.648693995863447, 1.0701231316323747]
------------------------------------------------------
YsysUp
[0.30472148833069274, 0.30493550327058583, 0.30863592304261045, 0.3043394876144149, 0.30431379724106156, 0.30596720104544695, 0.3039242982782607, 0.30992286914018935, 0.30477047844737415, 0.3332535724406681, 0.30531325575018375, 0.3052102610470552, 0.30934237803693004, 0.30489090871715163, 0.30452974032419045, 0.3062903722890549, 0.30458174103347807, 0.30998013266747765, 0.3077967927644293, 0.34224940925337194, 0.316626857149427, 0.30876992715482365, 0.3207757437198572, 0.3187113835260098, 0.30610939218983224, 0.311588182982806, 0.31296503372121565, 0.32555662220703235, 0.33245270411371397, 0.430815455761191, 0.3263324886118405, 0.32084424797331007, 0.3073431361906869, 0.3127236353353016, 0.3142567637514479, 0.3311277640512791, 0.34463989845642296, 0.43013882407050485, 0.3267994630905672, 0.3201426645292947, 0.30543996145089125, 0.31137557740109234, 0.3135244108618552, 0.33091594514258904, 0.34247648724882757, 0.4250137801905294]
------------------------------------------------------
YsysLow
[0.30472148833069274, 0.30493550327058583, 0.30863592304261045, 0.3043394876144149, 0.30431379724106156, 0.30596720104544695, 0.3039242982782607, 0.30992286914018935, 0.30477047844737415, 0.3332535724406681, 0.30531325575018375, 0.3052102610470552, 0.30934237803693004, 0.30489090871715163, 0.30452974032419045, 0.3062903722890549, 0.30458174103347807, 0.30998013266747765, 0.3077967927644293, 0.34224940925337194, 0.316626857149427, 0.30876992715482365, 0.3207757437198572, 0.3187113835260098, 0.30610939218983224, 0.311588182982806, 0.31296503372121565, 0.32555662220703235, 0.33245270411371397, 0.430815455761191, 0.3263324886118405, 0.32084424797331007, 0.3073431361906869, 0.3127236353353016, 0.3142567637514479, 0.3311277640512791, 0.34463989845642296, 0.43013882407050485, 0.3267994630905672, 0.3201426645292947, 0.30543996145089125, 0.31137557740109234, 0.3135244108618552, 0.33091594514258904, 0.34247648724882757, 0.4250137801905294]
------------------------------------------------------