 binIndex : nMCGJ( nMCerr)|nMCEBt |nMCECt |Nobs |nEB| pEB(pEBerr) |nEC| pEC(pECerr) | trigW(trigWsysErr,trigWerr) | SF(SFerr) |ZgR(REr1) |f(fsysErr,+ferrUp-ferrDn) |purity(pErr)| DR(+DRup-DRlow)| Yield(+YstatUp-YstatLow,+YsysUp-YsysLow)
 1 : 96372.265( 0.068)|75799.603 |20572.862 |102431.0 |79433.0| 0.936(0.016) |22998.0| 0.96(0.017) | 1.0(0.02,0.01) | 0.974(0.067) |0.529(0.01) |0.969(0.3,+0.002-0.002) |0.941(0.017)| 1.0(+0.0-0.0)| 50765.967(+0.006-0.006,+0.309-0.309)
 2 : 6723.759( 0.082)|5360.027 |1363.732 |5769.0 |4549.0| 0.936(0.016) |1220.0| 0.96(0.017) | 1.0(0.02,0.01) | 0.974(0.067) |0.476(0.047) |0.973(0.3,+0.004-0.004) |0.941(0.017)| 1.0(+0.0-0.0)| 2583.725(+0.029-0.029,+0.312-0.312)
 3 : 364.339( 0.22)|299.692 |64.647 |304.0 |253.0| 0.936(0.016) |51.0| 0.96(0.017) | 1.0(0.02,0.01) | 0.974(0.067) |0.675(0.205) |0.979(0.3,+0.005-0.005) |0.94(0.017)| 1.0(+0.0-0.0)| 194.021(+0.09-0.09,+0.371-0.371)
 4 : 88301.723( 0.067)|71892.545 |16409.165 |88015.0 |71077.0| 0.953(0.011) |16938.0| 0.948(0.017) | 1.0(0.02,0.01) | 0.974(0.067) |0.55(0.009) |0.977(0.3,+0.002-0.002) |0.952(0.012)| 1.0(+0.0-0.0)| 46229.228(+0.006-0.006,+0.309-0.309)
 5 : 18581.297( 0.073)|15226.382 |3354.921 |16787.0 |14040.0| 0.953(0.011) |2747.0| 0.948(0.017) | 1.0(0.02,0.01) | 0.974(0.067) |0.544(0.028) |0.969(0.3,+0.002-0.002) |0.952(0.012)| 1.0(+0.0-0.0)| 8656.002(+0.015-0.015,+0.31-0.31)
 6 : 1126.562( 0.142)|1012.599 |113.963 |736.0 |636.0| 0.953(0.011) |100.0| 0.948(0.017) | 1.0(0.02,0.01) | 0.974(0.067) |0.488(0.122) |0.978(0.3,+0.003-0.003) |0.952(0.012)| 1.0(+0.0-0.0)| 343.717(+0.079-0.079,+0.332-0.332)
 7 : 8982.219( 0.08)|8336.997 |645.224 |7047.0 |6307.0| 0.97(0.007) |740.0| 0.892(0.036) | 1.0(0.02,0.01) | 0.974(0.067) |0.548(0.044) |0.985(0.3,+0.002-0.002) |0.962(0.01)| 1.0(+0.0-0.0)| 3757.897(+0.022-0.022,+0.311-0.311)
 8 : 363.366( 0.244)|289.629 |73.737 |226.0 |205.0| 0.97(0.007) |21.0| 0.892(0.036) | 1.0(0.02,0.01) | 0.974(0.067) |0.53(0.229) |0.984(0.3,+0.004-0.004) |0.963(0.009)| 1.0(+0.0-0.0)| 116.43(+0.129-0.129,+0.384-0.384)
 9 : 1587.413( 0.13)|1509.853 |77.56 |1104.0 |1061.0| 0.97(0.007) |43.0| 0.892(0.036) | 1.0(0.02,0.01) | 0.974(0.067) |0.623(0.109) |0.989(0.3,+0.002-0.002) |0.967(0.008)| 1.0(+0.0-0.0)| 675.925(+0.049-0.049,+0.327-0.327)
 10 : 72.95( 0.518)|72.95 |0.0 |38.0 |38.0| 0.97(0.007) |0.0| 0.892(0.036) | 1.0(0.02,0.01) | 0.974(0.067) |0.594(0.502) |0.991(0.3,+0.006-0.006) |0.97(0.007)| 1.0(+0.0-0.0)| 22.285(+0.287-0.287,+0.589-0.589)
 11 : 15826.395( 0.07)|12151.411 |3674.974 |18015.0 |13807.0| 0.936(0.016) |4208.0| 0.96(0.017) | 1.0(0.02,0.011) | 0.974(0.067) |0.544(0.022) |0.924(0.3,+0.008-0.008) |0.942(0.017)| 1.0(+0.0-0.0)| 8755.772(+0.015-0.015,+0.31-0.31)
 12 : 5581.029( 0.084)|4112.263 |1468.767 |4924.0 |3739.0| 0.936(0.016) |1185.0| 0.96(0.017) | 1.0(0.02,0.011) | 0.974(0.067) |0.438(0.05) |0.901(0.3,+0.01-0.01) |0.942(0.017)| 1.0(+0.0-0.0)| 1878.392(+0.037-0.037,+0.313-0.313)
 13 : 462.534( 0.206)|285.28 |177.254 |344.0 |275.0| 0.936(0.016) |69.0| 0.96(0.017) | 1.0(0.02,0.01) | 0.974(0.067) |0.474(0.19) |0.945(0.3,+0.008-0.008) |0.941(0.017)| 1.0(+0.0-0.0)| 148.865(+0.125-0.125,+0.363-0.363)
 14 : 13569.611( 0.071)|10841.571 |2728.034 |14106.0 |11197.0| 0.953(0.011) |2909.0| 0.948(0.017) | 1.0(0.02,0.011) | 0.974(0.067) |0.541(0.023) |0.949(0.3,+0.006-0.006) |0.952(0.012)| 1.0(+0.0-0.0)| 7084.948(+0.017-0.017,+0.309-0.309)
 15 : 12865.518( 0.075)|10326.142 |2539.376 |11403.0 |9252.0| 0.953(0.011) |2151.0| 0.948(0.017) | 1.0(0.02,0.01) | 0.974(0.067) |0.48(0.034) |0.928(0.3,+0.005-0.005) |0.952(0.012)| 1.0(+0.0-0.0)| 4969.942(+0.021-0.021,+0.31-0.31)
 16 : 1113.247( 0.14)|862.196 |251.051 |858.0 |735.0| 0.953(0.011) |123.0| 0.948(0.017) | 1.0(0.02,0.01) | 0.974(0.067) |0.463(0.12) |0.932(0.3,+0.007-0.007) |0.952(0.012)| 1.0(+0.0-0.0)| 361.892(+0.081-0.081,+0.331-0.331)
 17 : 2818.16( 0.104)|2459.195 |358.966 |2040.0 |1817.0| 0.97(0.007) |223.0| 0.892(0.036) | 1.0(0.02,0.01) | 0.974(0.067) |0.464(0.078) |0.966(0.3,+0.004-0.004) |0.961(0.01)| 1.0(+0.0-0.0)| 902.6(+0.05-0.05,+0.318-0.318)
 18 : 344.404( 0.239)|308.592 |35.812 |251.0 |225.0| 0.97(0.007) |26.0| 0.892(0.036) | 1.0(0.02,0.01) | 0.974(0.067) |0.519(0.225) |0.952(0.3,+0.008-0.008) |0.962(0.01)| 1.0(+0.0-0.0)| 122.522(+0.129-0.129,+0.382-0.382)
 19 : 419.747( 0.224)|400.137 |19.61 |398.0 |380.0| 0.97(0.007) |18.0| 0.892(0.036) | 1.0(0.02,0.009) | 0.974(0.067) |0.715(0.209) |0.969(0.3,+0.005-0.005) |0.966(0.008)| 1.0(+0.0-0.0)| 273.659(+0.073-0.073,+0.373-0.373)
 20 : 72.95( 0.518)|72.95 |0.0 |45.0 |45.0| 0.97(0.007) |0.0| 0.892(0.036) | 1.0(0.02,0.009) | 0.974(0.067) |0.486(0.503) |0.951(0.3,+0.019-0.019) |0.97(0.007)| 1.0(+0.0-0.0)| 20.729(+0.333-0.333,+0.59-0.59)
 21 : 792.587( 0.119)|648.376 |144.211 |1025.0 |750.0| 0.936(0.016) |275.0| 0.96(0.017) | 1.0(0.02,0.011) | 0.974(0.067) |0.614(0.099) |0.907(0.3,+0.038-0.038) |0.942(0.017)| 1.0(+0.0-0.0)| 552.401(+0.058-0.058,+0.326-0.326)
 22 : 1000.05( 0.135)|720.987 |279.063 |1148.0 |849.0| 0.936(0.016) |299.0| 0.96(0.017) | 1.0(0.02,0.011) | 0.974(0.067) |0.48(0.115) |0.871(0.3,+0.025-0.025) |0.942(0.017)| 1.0(+0.0-0.0)| 464.66(+0.073-0.073,+0.33-0.33)
 23 : 124.712( 0.37)|60.055 |64.657 |119.0 |98.0| 0.936(0.016) |21.0| 0.96(0.017) | 1.0(0.02,0.011) | 0.974(0.067) |0.56(0.355) |0.888(0.3,+0.033-0.033) |0.94(0.017)| 1.0(+0.0-0.0)| 57.151(+0.191-0.191,+0.472-0.472)
 24 : 640.337( 0.125)|487.456 |152.881 |763.0 |605.0| 0.953(0.011) |158.0| 0.948(0.017) | 1.0(0.02,0.011) | 0.974(0.067) |0.558(0.105) |0.973(0.3,+0.016-0.016) |0.952(0.012)| 1.0(+0.0-0.0)| 404.707(+0.068-0.068,+0.326-0.326)
 25 : 2173.039( 0.107)|1677.393 |495.646 |2092.0 |1673.0| 0.953(0.011) |419.0| 0.948(0.017) | 1.0(0.02,0.011) | 0.974(0.067) |0.439(0.081) |0.893(0.3,+0.014-0.014) |0.952(0.012)| 1.0(+0.0-0.0)| 800.628(+0.057-0.057,+0.319-0.319)
 26 : 300.463( 0.245)|216.053 |84.41 |341.0 |275.0| 0.953(0.011) |66.0| 0.948(0.017) | 1.0(0.02,0.01) | 0.974(0.067) |0.541(0.231) |0.888(0.3,+0.016-0.016) |0.952(0.012)| 1.0(+0.0-0.0)| 160.187(+0.115-0.115,+0.386-0.386)
 27 : 290.43( 0.274)|235.596 |54.834 |278.0 |237.0| 0.97(0.007) |41.0| 0.892(0.036) | 1.0(0.02,0.01) | 0.974(0.067) |0.439(0.259) |0.929(0.3,+0.022-0.022) |0.958(0.011)| 1.0(+0.0-0.0)| 111.605(+0.149-0.149,+0.404-0.404)
 28 : 67.219( 0.518)|67.219 |0.0 |96.0 |85.0| 0.97(0.007) |11.0| 0.892(0.036) | 1.0(0.02,0.01) | 0.974(0.067) |0.778(0.502) |0.872(0.3,+0.03-0.03) |0.961(0.01)| 1.0(+0.0-0.0)| 64.228(+0.153-0.153,+0.59-0.59)
 29 : 54.682( 0.597)|54.682 |0.0 |56.0 |54.0| 0.97(0.007) |2.0| 0.892(0.036) | 1.0(0.02,0.009) | 0.974(0.067) |0.598(0.579) |0.943(0.3,+0.019-0.019) |0.967(0.008)| 1.0(+0.0-0.0)| 31.353(+0.239-0.239,+0.657-0.657)
 30 : 18.238( 1.78)|18.238 |0.0 |17.0 |17.0| 0.97(0.007) |0.0| 0.892(0.036) | 1.0(0.02,0.009) | 0.974(0.067) |0.522(1.735) |0.852(0.3,+0.13-0.13) |0.97(0.007)| 1.0(+0.0-0.0)| 7.528(+0.591-0.591,+1.767-1.767)
 31 : 99.067( 0.385)|50.681 |48.387 |95.0 |74.0| 0.936(0.016) |21.0| 0.96(0.017) | 1.0(0.02,0.011) | 0.974(0.067) |0.614(0.126) |0.922(0.3,+0.047-0.047) |0.941(0.017)| 1.0(+0.0-0.0)| 51.956(+0.188-0.188,+0.337-0.337)
 32 : 15.046( 1.029)|15.046 |0.0 |29.0 |23.0| 0.936(0.016) |6.0| 0.96(0.017) | 1.0(0.02,0.011) | 0.974(0.067) |0.48(0.099) |0.762(0.3,+0.126-0.126) |0.941(0.017)| 1.0(+0.0-0.0)| 10.259(+0.525-0.525,+0.348-0.348)
 33 : 213.474( 0.266)|140.086 |73.388 |184.0 |139.0| 0.953(0.011) |45.0| 0.948(0.017) | 1.0(0.02,0.01) | 0.974(0.067) |0.56(0.357) |0.948(0.3,+0.025-0.025) |0.952(0.012)| 1.0(+0.0-0.0)| 95.476(+0.142-0.142,+0.472-0.472)
 34 : 31.331( 0.729)|31.331 |0.0 |63.0 |50.0| 0.953(0.011) |13.0| 0.948(0.017) | 1.0(0.02,0.011) | 0.974(0.067) |0.558(0.133) |0.862(0.3,+0.036-0.036) |0.952(0.012)| 1.0(+0.0-0.0)| 29.614(+0.268-0.268,+0.338-0.338)
 35 : 0.0( 1.671)|0.0 |0.0 |22.0 |21.0| 0.97(0.007) |1.0| 0.892(0.036) | 1.0(0.02,0.011) | 0.974(0.067) |0.439(0.066) |0.81(0.3,+0.176-0.176) |0.966(0.008)| 1.0(+0.0-0.0)| 7.756(+0.605-0.605,+0.361-0.361)
 36 : 0.0( 1.671)|0.0 |0.0 |28.0 |26.0| 0.97(0.007) |2.0| 0.892(0.036) | 1.0(0.02,0.011) | 0.974(0.067) |0.541(0.284) |0.772(0.3,+0.077-0.077) |0.964(0.009)| 1.0(+0.0-0.0)| 11.582(+0.457-0.457,+0.426-0.426)
 37 : 0.0( 1.671)|0.0 |0.0 |5.0 |5.0| 0.97(0.007) |0.0| 0.892(0.036) | 1.0(0.02,0.01) | 0.974(0.067) |0.439(0.146) |0.838(0.3,+0.124-0.124) |0.97(0.007)| 1.0(+0.0-0.0)| 1.832(+1.524-1.524,+0.363-0.363)
 38 : 0.0( 1.671)|0.0 |0.0 |6.0 |5.0| 0.97(0.007) |1.0| 0.892(0.036) | 1.0(0.02,0.01) | 0.974(0.067) |0.778(0.653) |0.898(0.3,+0.114-0.125) |0.957(0.011)| 1.0(+0.0-0.0)| 4.116(+0.595-0.595,+0.731-0.733)
 39 : 15.059( 1.029)|15.059 |0.0 |5.0 |2.0| 0.936(0.016) |3.0| 0.96(0.017) | 1.0(0.02,0.009) | 0.974(0.067) |0.614(0.126) |0.922(0.3,+0.047-0.047) |0.951(0.017)| 1.0(+0.0-0.0)| 2.761(+0.81-0.81,+0.337-0.337)
 40 : 0.0( 1.671)|0.0 |0.0 |1.0 |1.0| 0.936(0.016) |0.0| 0.96(0.017) | 1.0(0.02,0.009) | 0.974(0.067) |0.48(0.099) |0.762(0.3,+0.126-0.126) |0.936(0.016)| 1.0(+0.0-0.0)| 0.352(+5.532-5.532,+0.347-0.347)
 41 : 10.548( 0.729)|10.548 |0.0 |7.0 |5.0| 0.953(0.011) |2.0| 0.948(0.017) | 1.0(0.02,0.011) | 0.974(0.067) |0.56(0.357) |0.948(0.3,+0.025-0.025) |0.952(0.013)| 1.0(+0.0-0.0)| 3.632(+0.729-0.729,+0.472-0.472)
 42 : 15.543( 1.029)|15.543 |0.0 |8.0 |6.0| 0.953(0.011) |2.0| 0.948(0.017) | 1.0(0.02,0.011) | 0.974(0.067) |0.558(0.133) |0.862(0.3,+0.036-0.036) |0.952(0.012)| 1.0(+0.0-0.0)| 3.76(+0.752-0.752,+0.338-0.338)
 43 : 0.0( 1.671)|0.0 |0.0 |0.0 |0.0| 0.97(0.007) |0.0| 0.892(0.036) | 1.0(0.02,0.011) | 0.974(0.067) |0.439(0.066) |0.81(0.3,+0.176-0.176) |1.0(0.0)| 1.0(+0.0-0.0)| 0.0(+1.036-1.036,+0.361-0.361)
 44 : 0.0( 1.671)|0.0 |0.0 |1.0 |0.0| 0.97(0.007) |1.0| 0.892(0.036) | 1.0(0.02,0.011) | 0.974(0.067) |0.541(0.284) |0.772(0.3,+0.077-0.077) |0.892(0.036)| 1.0(+0.0-0.0)| 0.383(+5.087-5.087,+0.428-0.428)
 45 : 0.0( 1.671)|0.0 |0.0 |0.0 |0.0| 0.97(0.007) |0.0| 0.892(0.036) | 1.0(0.02,0.009) | 0.974(0.067) |0.439(0.146) |0.838(0.3,+0.124-0.124) |1.0(0.0)| 1.0(+0.0-0.0)| 0.0(+1.036-1.036,+0.363-0.363)
 46 : 0.0( 1.671)|0.0 |0.0 |0.0 |0.0| 0.97(0.007) |0.0| 0.892(0.036) | 1.0(0.02,0.009) | 0.974(0.067) |0.778(0.653) |0.898(0.3,+0.114-0.125) |1.0(0.0)| 1.0(+0.0-0.0)| 0.0(+1.836-1.836,+0.731-0.732)

binIndex
[1, 2, 3, 4, 5, 6, 7, 8, 9, 10, 11, 12, 13, 14, 15, 16, 17, 18, 19, 20, 21, 22, 23, 24, 25, 26, 27, 28, 29, 30, 31, 32, 33, 34, 35, 36, 37, 38, 39, 40, 41, 42, 43, 44, 45, 46]
------------------------------------------------------
nMCGJ
[96372.26501445664, 6723.758945515126, 364.33929041784023, 88301.72298255858, 18581.29709688645, 1126.5615262354643, 8982.218597937584, 363.3657881541571, 1587.4129284899711, 72.95037567328535, 15826.394606929478, 5581.028731211128, 462.53416748217535, 13569.610589373551, 12865.51785024661, 1113.2473594076507, 2818.160439473744, 344.40413762936186, 419.74668261603176, 72.95037567328535, 792.5871758059463, 1000.0500242579546, 124.7121553452971, 640.336971563652, 2173.0393521071082, 300.4627820726782, 290.4300371486563, 67.21909537805783, 54.68174054478686, 18.237593918321338, 99.06725446672456, 15.046033133469292, 213.47415882586205, 31.33050601151392, 0.0, 0.0, 0.0, 0.0, 15.05933942719002, 0.0, 10.54754307142369, 15.54333311468673, 0.0, 0.0, 0.0, 0.0]
------------------------------------------------------
nMCerr
[0.06751237460548574, 0.0821614089730137, 0.22014120431171952, 0.06743826909324208, 0.07283828462639647, 0.14160926689171177, 0.08029523817344782, 0.24357850782067175, 0.1298836275939458, 0.5179183741828844, 0.07048748920600828, 0.08429683930316836, 0.2055961012935462, 0.07076940122798088, 0.0753030579131995, 0.13982818049799012, 0.10388417764963902, 0.23929156209303296, 0.2243844426291745, 0.5179183741828844, 0.11930967332185786, 0.13537580961000406, 0.3695031912108801, 0.12481566238956171, 0.10655264257161472, 0.24516998495396686, 0.27392940654388614, 0.5180264427345391, 0.5967963397602534, 1.7803943702568872, 0.38520751636334233, 1.0293567223119668, 0.2657976972770144, 0.7294691421891784, 1.6713350459533973, 1.6713350459533973, 1.6713350459533973, 1.6713350459533973, 1.0293567223119668, 1.6713350459533973, 0.7294592838270029, 1.0293567223119668, 1.6713350459533973, 1.6713350459533973, 1.6713350459533973, 1.6713350459533973]
------------------------------------------------------
nMCEBt
[75799.60256144367, 5360.0269907162265, 299.69228713245303, 71892.54494583551, 15226.382323206059, 1012.5985091393085, 8336.996972478957, 289.62882223587803, 1509.8533759676536, 72.95037567328535, 12151.411231942813, 4112.262754046361, 285.2803714981932, 10841.570546596111, 10326.142409505708, 862.1961974046153, 2459.1947674656567, 308.5917502837098, 400.13694168381494, 72.95037567328535, 648.3758001260122, 720.9870602802313, 60.055017291401995, 487.4562651380671, 1677.3932135899884, 216.05286878496037, 235.59617851927703, 67.21909537805783, 54.68174054478686, 18.237593918321338, 50.68053096687748, 15.046033133469292, 140.08600126131608, 31.33050601151392, 0.0, 0.0, 0.0, 0.0, 15.05933942719002, 0.0, 10.54754307142369, 15.54333311468673, 0.0, 0.0, 0.0, 0.0]
------------------------------------------------------
nMCECt
[20572.862103124735, 1363.7321924776033, 64.64699585792769, 16409.16472671561, 3354.920715648004, 113.96295767647959, 645.2241805047009, 73.73701048303614, 77.55976791864344, 0.0, 3674.9738678384842, 1468.7668090402326, 177.25370685446802, 2728.0343384885327, 2539.376153777015, 251.0508351948168, 358.96590968679186, 35.81237991819252, 19.60973536162222, 0.0, 144.21133111517696, 279.0630531072375, 64.65714176762488, 152.8807064255849, 495.6460196777677, 84.40989843279881, 54.83384377446028, 0.0, 0.0, 0.0, 48.38671978611733, 0.0, 73.38816499200549, 0.0, 0.0, 0.0, 0.0, 0.0, 0.0, 0.0, 0.0, 0.0, 0.0, 0.0, 0.0, 0.0]
------------------------------------------------------
Nobs
[102431.0, 5769.0, 304.0, 88015.0, 16787.0, 736.0, 7047.0, 226.0, 1104.0, 38.0, 18015.0, 4924.0, 344.0, 14106.0, 11403.0, 858.0, 2040.0, 251.0, 398.0, 45.0, 1025.0, 1148.0, 119.0, 763.0, 2092.0, 341.0, 278.0, 96.0, 56.0, 17.0, 95.0, 29.0, 184.0, 63.0, 22.0, 28.0, 5.0, 6.0, 5.0, 1.0, 7.0, 8.0, 0.0, 1.0, 0.0, 0.0]
------------------------------------------------------
nEB
[79433.0, 4549.0, 253.0, 71077.0, 14040.0, 636.0, 6307.0, 205.0, 1061.0, 38.0, 13807.0, 3739.0, 275.0, 11197.0, 9252.0, 735.0, 1817.0, 225.0, 380.0, 45.0, 750.0, 849.0, 98.0, 605.0, 1673.0, 275.0, 237.0, 85.0, 54.0, 17.0, 74.0, 23.0, 139.0, 50.0, 21.0, 26.0, 5.0, 5.0, 2.0, 1.0, 5.0, 6.0, 0.0, 0.0, 0.0, 0.0]
------------------------------------------------------
pEB
[0.935941864678, 0.935941864678, 0.935941864678, 0.9528332801676668, 0.9528332801676668, 0.9528332801676668, 0.9698275681449999, 0.9698275681449999, 0.9698275681449999, 0.9698275681449999, 0.935941864678, 0.935941864678, 0.935941864678, 0.9528332801676668, 0.9528332801676668, 0.9528332801676668, 0.9698275681449999, 0.9698275681449999, 0.9698275681449999, 0.9698275681449999, 0.935941864678, 0.935941864678, 0.935941864678, 0.9528332801676668, 0.9528332801676668, 0.9528332801676668, 0.9698275681449999, 0.9698275681449999, 0.9698275681449999, 0.9698275681449999, 0.935941864678, 0.935941864678, 0.9528332801676668, 0.9528332801676668, 0.9698275681449999, 0.9698275681449999, 0.9698275681449999, 0.9698275681449999, 0.935941864678, 0.935941864678, 0.9528332801676668, 0.9528332801676668, 0.9698275681449999, 0.9698275681449999, 0.9698275681449999, 0.9698275681449999]
------------------------------------------------------
pEBerr
[0.016481122146733865, 0.016481122146733865, 0.016481122146733865, 0.01100477066441423, 0.01100477066441423, 0.01100477066441423, 0.006700851348688687, 0.006700851348688687, 0.006700851348688687, 0.006700851348688687, 0.016481122146733865, 0.016481122146733865, 0.016481122146733865, 0.01100477066441423, 0.01100477066441423, 0.01100477066441423, 0.006700851348688687, 0.006700851348688687, 0.006700851348688687, 0.006700851348688687, 0.016481122146733865, 0.016481122146733865, 0.016481122146733865, 0.01100477066441423, 0.01100477066441423, 0.01100477066441423, 0.006700851348688687, 0.006700851348688687, 0.006700851348688687, 0.006700851348688687, 0.016481122146733865, 0.016481122146733865, 0.01100477066441423, 0.01100477066441423, 0.006700851348688687, 0.006700851348688687, 0.006700851348688687, 0.006700851348688687, 0.016481122146733865, 0.016481122146733865, 0.01100477066441423, 0.01100477066441423, 0.006700851348688687, 0.006700851348688687, 0.006700851348688687, 0.006700851348688687]
------------------------------------------------------
nEC
[22998.0, 1220.0, 51.0, 16938.0, 2747.0, 100.0, 740.0, 21.0, 43.0, 0.0, 4208.0, 1185.0, 69.0, 2909.0, 2151.0, 123.0, 223.0, 26.0, 18.0, 0.0, 275.0, 299.0, 21.0, 158.0, 419.0, 66.0, 41.0, 11.0, 2.0, 0.0, 21.0, 6.0, 45.0, 13.0, 1.0, 2.0, 0.0, 1.0, 3.0, 0.0, 2.0, 2.0, 0.0, 1.0, 0.0, 0.0]
------------------------------------------------------
pEC
[0.9603043977869999, 0.9603043977869999, 0.9603043977869999, 0.948359821654, 0.948359821654, 0.948359821654, 0.8919489522903333, 0.8919489522903333, 0.8919489522903333, 0.8919489522903333, 0.9603043977869999, 0.9603043977869999, 0.9603043977869999, 0.948359821654, 0.948359821654, 0.948359821654, 0.8919489522903333, 0.8919489522903333, 0.8919489522903333, 0.8919489522903333, 0.9603043977869999, 0.9603043977869999, 0.9603043977869999, 0.948359821654, 0.948359821654, 0.948359821654, 0.8919489522903333, 0.8919489522903333, 0.8919489522903333, 0.8919489522903333, 0.9603043977869999, 0.9603043977869999, 0.948359821654, 0.948359821654, 0.8919489522903333, 0.8919489522903333, 0.8919489522903333, 0.8919489522903333, 0.9603043977869999, 0.9603043977869999, 0.948359821654, 0.948359821654, 0.8919489522903333, 0.8919489522903333, 0.8919489522903333, 0.8919489522903333]
------------------------------------------------------
pECerr
[0.01667440668490169, 0.01667440668490169, 0.01667440668490169, 0.016930112124528423, 0.016930112124528423, 0.016930112124528423, 0.03604156077892064, 0.03604156077892064, 0.03604156077892064, 0.03604156077892064, 0.01667440668490169, 0.01667440668490169, 0.01667440668490169, 0.016930112124528423, 0.016930112124528423, 0.016930112124528423, 0.03604156077892064, 0.03604156077892064, 0.03604156077892064, 0.03604156077892064, 0.01667440668490169, 0.01667440668490169, 0.01667440668490169, 0.016930112124528423, 0.016930112124528423, 0.016930112124528423, 0.03604156077892064, 0.03604156077892064, 0.03604156077892064, 0.03604156077892064, 0.01667440668490169, 0.01667440668490169, 0.016930112124528423, 0.016930112124528423, 0.03604156077892064, 0.03604156077892064, 0.03604156077892064, 0.03604156077892064, 0.01667440668490169, 0.01667440668490169, 0.016930112124528423, 0.016930112124528423, 0.03604156077892064, 0.03604156077892064, 0.03604156077892064, 0.03604156077892064]
------------------------------------------------------
trigW
[1.0, 1.0, 1.0, 1.0, 1.0, 1.0, 1.0, 1.0, 1.0, 1.0, 1.0, 1.0, 1.0, 1.0, 1.0, 1.0, 1.0, 1.0, 1.0, 1.0, 1.0, 1.0, 1.0, 1.0, 1.0, 1.0, 1.0, 1.0, 1.0, 1.0, 1.0, 1.0, 1.0, 1.0, 1.0, 1.0, 1.0, 1.0, 1.0, 1.0, 1.0, 1.0, 1.0, 1.0, 1.0, 1.0]
------------------------------------------------------
trigWsysErr
[0.02, 0.02, 0.02, 0.02, 0.02, 0.02, 0.02, 0.02, 0.02, 0.02, 0.02, 0.02, 0.02, 0.02, 0.02, 0.02, 0.02, 0.02, 0.02, 0.02, 0.02, 0.02, 0.02, 0.02, 0.02, 0.02, 0.02, 0.02, 0.02, 0.02, 0.02, 0.02, 0.02, 0.02, 0.02, 0.02, 0.02, 0.02, 0.02, 0.02, 0.02, 0.02, 0.02, 0.02, 0.02, 0.02]
------------------------------------------------------
trigWerr
[0.010498493106893107, 0.010498493106893107, 0.010498493106893107, 0.010498493106893107, 0.010498493106893107, 0.010498493106893107, 0.010498493106893107, 0.010498493106893107, 0.010498493106893107, 0.010498493106893107, 0.01086171996612354, 0.010742371580863235, 0.01034250542763158, 0.010568283897631085, 0.010304774361112766, 0.010050750815217393, 0.009768448126862495, 0.009657862168141592, 0.009164148233695652, 0.00880785, 0.01094461003330558, 0.011009329234362307, 0.010642718459302326, 0.010694338356018716, 0.010533431886345698, 0.010119240734265735, 0.00980782463235294, 0.009755425697211157, 0.009221567336683417, 0.00880785, 0.011262124390243903, 0.011190408580139373, 0.010422158823529412, 0.010702141612057669, 0.010640023637667305, 0.010578382258064517, 0.010156978597122302, 0.009856029687500002, 0.009134555357142858, 0.00880785, 0.010829984210526316, 0.010700487931034484, 0.011045071467391305, 0.010695480952380952, 0.009223656818181818, 0.009461260714285715]
------------------------------------------------------
SF
[0.9735319735212031, 0.9735319735212031, 0.9735319735212031, 0.9735319735212031, 0.9735319735212031, 0.9735319735212031, 0.9735319735212031, 0.9735319735212031, 0.9735319735212031, 0.9735319735212031, 0.9735319735212031, 0.9735319735212031, 0.9735319735212031, 0.9735319735212031, 0.9735319735212031, 0.9735319735212031, 0.9735319735212031, 0.9735319735212031, 0.9735319735212031, 0.9735319735212031, 0.9735319735212031, 0.9735319735212031, 0.9735319735212031, 0.9735319735212031, 0.9735319735212031, 0.9735319735212031, 0.9735319735212031, 0.9735319735212031, 0.9735319735212031, 0.9735319735212031, 0.9735319735212031, 0.9735319735212031, 0.9735319735212031, 0.9735319735212031, 0.9735319735212031, 0.9735319735212031, 0.9735319735212031, 0.9735319735212031, 0.9735319735212031, 0.9735319735212031, 0.9735319735212031, 0.9735319735212031, 0.9735319735212031, 0.9735319735212031, 0.9735319735212031, 0.9735319735212031]
------------------------------------------------------
SFerr
[0.06678948893384838, 0.06678948893384838, 0.06678948893384838, 0.06678948893384838, 0.06678948893384838, 0.06678948893384838, 0.06678948893384838, 0.06678948893384838, 0.06678948893384838, 0.06678948893384838, 0.06678948893384838, 0.06678948893384838, 0.06678948893384838, 0.06678948893384838, 0.06678948893384838, 0.06678948893384838, 0.06678948893384838, 0.06678948893384838, 0.06678948893384838, 0.06678948893384838, 0.06678948893384838, 0.06678948893384838, 0.06678948893384838, 0.06678948893384838, 0.06678948893384838, 0.06678948893384838, 0.06678948893384838, 0.06678948893384838, 0.06678948893384838, 0.06678948893384838, 0.06678948893384838, 0.06678948893384838, 0.06678948893384838, 0.06678948893384838, 0.06678948893384838, 0.06678948893384838, 0.06678948893384838, 0.06678948893384838, 0.06678948893384838, 0.06678948893384838, 0.06678948893384838, 0.06678948893384838, 0.06678948893384838, 0.06678948893384838, 0.06678948893384838, 0.06678948893384838]
------------------------------------------------------
ZgR
[0.5286814570426941, 0.47608596086502075, 0.6749683022499084, 0.549845278263092, 0.5443187952041626, 0.4884163439273834, 0.5479989647865295, 0.5295218229293823, 0.623110294342041, 0.594045877456665, 0.5435777902603149, 0.4378434717655182, 0.4740270674228668, 0.5411605834960938, 0.48005664348602295, 0.4625716805458069, 0.46380946040153503, 0.5189861059188843, 0.7149614095687866, 0.4864114224910736, 0.6135170459747314, 0.4800710380077362, 0.5597168803215027, 0.5575474500656128, 0.4385271370410919, 0.5406951308250427, 0.438868910074234, 0.7775918245315552, 0.5978096127510071, 0.5220535397529602, 0.6135170459747314, 0.4800710380077362, 0.5597168803215027, 0.5575474500656128, 0.4385271370410919, 0.5406951308250427, 0.438868910074234, 0.7775918245315552, 0.6135170459747314, 0.4800710380077362, 0.5597168803215027, 0.5575474500656128, 0.4385271370410919, 0.5406951308250427, 0.438868910074234, 0.7775918245315552]
------------------------------------------------------
REr1
[0.00985568213702002, 0.04676959151284002, 0.20508113412425893, 0.009261278906299495, 0.028391152265553644, 0.1222139563567141, 0.04351699529090198, 0.22903589516803424, 0.10876174701074769, 0.5022138795653338, 0.022472722144518963, 0.05031131313190947, 0.19032572937090783, 0.02319605890946646, 0.03400242949898116, 0.1202879573739297, 0.07774288717603389, 0.22477123544413338, 0.20915589011401445, 0.5027035681948144, 0.09860664350569104, 0.11526576228937281, 0.3554677980924383, 0.10497264562310131, 0.0812528356939778, 0.23075850776437629, 0.25949675497101854, 0.5016943371443774, 0.5793585332188834, 1.734930946142016, 0.12601646807970973, 0.09886382936535199, 0.3568509316644518, 0.13346319064472648, 0.065899564064837, 0.2842990211440278, 0.14645866176710293, 0.6525713315013743, 0.12601646807970973, 0.09886382936535199, 0.3568509316644518, 0.13346319064472648, 0.065899564064837, 0.2842990211440278, 0.14645866176710293, 0.6525713315013743]
------------------------------------------------------
f
[0.969432907698, 0.973145158757, 0.979263771362, 0.976889210827, 0.968630268912, 0.977559820541, 0.985131528509, 0.983965826053, 0.989420643321, 0.990962172524, 0.924415581298, 0.900613686123, 0.944646618266, 0.949206308714, 0.928448449434, 0.932263077866, 0.966073435266, 0.95206802902, 0.968901223366, 0.950653869399, 0.907367595812, 0.871073319118, 0.888424582686, 0.972950074516, 0.892513261282, 0.888482999934, 0.929254115212, 0.871710694575, 0.942829884842, 0.851514476336, 0.921928773995, 0.762406001333, 0.948291436198, 0.86223639719, 0.809934607131, 0.772346396222, 0.837954268482, 0.897608048896, 0.921928773995, 0.762406001333, 0.948291436198, 0.86223639719, 0.809934607131, 0.772346396222, 0.837954268482, 0.897608048896]
------------------------------------------------------
fsysErr
[0.3, 0.3, 0.3, 0.3, 0.3, 0.3, 0.3, 0.3, 0.3, 0.3, 0.3, 0.3, 0.3, 0.3, 0.3, 0.3, 0.3, 0.3, 0.3, 0.3, 0.3, 0.3, 0.3, 0.3, 0.3, 0.3, 0.3, 0.3, 0.3, 0.3, 0.3, 0.3, 0.3, 0.3, 0.3, 0.3, 0.3, 0.3, 0.3, 0.3, 0.3, 0.3, 0.3, 0.3, 0.3, 0.3]
------------------------------------------------------
ferrUp
[0.002250200779804311, 0.003972962859578311, 0.0049004880203068635, 0.00167757407817274, 0.002384757431114161, 0.003165890683484979, 0.0020279042173623305, 0.004365766789860662, 0.0015852519632553635, 0.005836579925849714, 0.007787383961985988, 0.009812669869390639, 0.008344398899282767, 0.006063123069459132, 0.004721424548926035, 0.0072158929819024, 0.004291138046921409, 0.007853669233296907, 0.004964086894906463, 0.01885866658054425, 0.038399414046210986, 0.02546383174134997, 0.032584517665053776, 0.01571095890845592, 0.013587914068503917, 0.016126979345428533, 0.02199867618766077, 0.029982614856116467, 0.018523126276620575, 0.13040434315902827, 0.04748179544294971, 0.12551371208357517, 0.02476476642851025, 0.03636481466368751, 0.17565094320631955, 0.07720069804942994, 0.1237737145726204, 0.1140720064062878, 0.04748179544294971, 0.12551371208357517, 0.02476476642851025, 0.03636481466368751, 0.17565094320631955, 0.07720069804942994, 0.1237737145726204, 0.1140720064062878]
------------------------------------------------------
ferrDn
[0.002250200779804311, 0.003972962859578311, 0.0049004880203068635, 0.00167757407817274, 0.002384757431114161, 0.003165890683484979, 0.0020279042173623305, 0.004365766789860662, 0.0015852519632553635, 0.005836579925849714, 0.007787383961985988, 0.009812669869390639, 0.008344398899282767, 0.006063123069459132, 0.004721424548926035, 0.0072158929819024, 0.004291138046921409, 0.007853669233296907, 0.004964086894906463, 0.01885866658054425, 0.038399414046210986, 0.02546383174134997, 0.032584517665053776, 0.01571095890845592, 0.013587914068503917, 0.016126979345428533, 0.02199867618766077, 0.029982614856116467, 0.018523126276620575, 0.13040434315902827, 0.04748179544294971, 0.12551371208357517, 0.02476476642851025, 0.03636481466368751, 0.17565094320631955, 0.07720069804942994, 0.1237737145726204, 0.1254040169854159, 0.04748179544294971, 0.12551371208357517, 0.02476476642851025, 0.03636481466368751, 0.17565094320631955, 0.07720069804942994, 0.1237737145726204, 0.1254040169854159]
------------------------------------------------------
purity
[0.9414117862490163, 0.9410939344289064, 0.9400290001666809, 0.951972387816312, 0.952101249993303, 0.9522254733043968, 0.9616495951447936, 0.9625910595921328, 0.9667942524912403, 0.9698275681449999, 0.9416325412987423, 0.9418049032105273, 0.9408285355632354, 0.9519107443094321, 0.9519894312451993, 0.9521919801709523, 0.9613143665099064, 0.9617604605265884, 0.9663054196892612, 0.9698275681449999, 0.9424781540487074, 0.9422871585800827, 0.9402411352266471, 0.9519069283391486, 0.9519373054462393, 0.9519674494876024, 0.9583418730009665, 0.9609039767449862, 0.9670461890073333, 0.9698275681449999, 0.9413272667336737, 0.9409823887695172, 0.9517392278137808, 0.9519101855537355, 0.9662876310606969, 0.9642648098696666, 0.9698275681449999, 0.9568477988358888, 0.9505593845433999, 0.935941864678, 0.9515551491637619, 0.95171491553925, 1.0, 0.8919489522903333, 1.0, 1.0]
------------------------------------------------------
pErr
[0.01652538965300295, 0.01652283139371128, 0.016514247565119922, 0.012140742626500866, 0.011970574581563786, 0.011806575958143887, 0.009558581422992709, 0.009227120634854763, 0.007755179815109572, 0.006700851348688687, 0.01652716540380683, 0.016528551302099775, 0.016520693982564637, 0.012222161818742628, 0.01211823340232339, 0.011850789112206613, 0.00967676189870859, 0.009519515409439558, 0.007925709023643743, 0.006700851348688687, 0.0165339598057399, 0.01653242624507068, 0.016515959015904236, 0.012227202326643247, 0.012187078383154186, 0.012147264818452979, 0.010728292531832518, 0.009821551712184944, 0.00766735914373791, 0.006700851348688687, 0.016524709558615076, 0.016521933198638046, 0.012448757552222061, 0.012222899875555766, 0.007931917836108226, 0.008639442636645287, 0.006700851348688687, 0.011259294023268996, 0.01659828178665428, 0.016481122146733865, 0.012692040415948656, 0.012480883857189236, 0.0, 0.03604156077892064, 0.0, 0.0]
------------------------------------------------------
DR
[1.0, 1.0, 1.0, 1.0, 1.0, 1.0, 1.0, 1.0, 1.0, 1.0, 1.0, 1.0, 1.0, 1.0, 1.0, 1.0, 1.0, 1.0, 1.0, 1.0, 1.0, 1.0, 1.0, 1.0, 1.0, 1.0, 1.0, 1.0, 1.0, 1.0, 1.0, 1.0, 1.0, 1.0, 1.0, 1.0, 1.0, 1.0, 1.0, 1.0, 1.0, 1.0, 1.0, 1.0, 1.0, 1.0]
------------------------------------------------------
DRup
[0.0, 0.0, 0.0, 0.0, 0.0, 0.0, 0.0, 0.0, 0.0, 0.0, 0.0, 0.0, 0.0, 0.0, 0.0, 0.0, 0.0, 0.0, 0.0, 0.0, 0.0, 0.0, 0.0, 0.0, 0.0, 0.0, 0.0, 0.0, 0.0, 0.0, 0.0, 0.0, 0.0, 0.0, 0.0, 0.0, 0.0, 0.0, 0.0, 0.0, 0.0, 0.0, 0.0, 0.0, 0.0, 0.0]
------------------------------------------------------
DRlow
[0.0, 0.0, 0.0, 0.0, 0.0, 0.0, 0.0, 0.0, 0.0, 0.0, 0.0, 0.0, 0.0, 0.0, 0.0, 0.0, 0.0, 0.0, 0.0, 0.0, 0.0, 0.0, 0.0, 0.0, 0.0, 0.0, 0.0, 0.0, 0.0, 0.0, 0.0, 0.0, 0.0, 0.0, 0.0, 0.0, 0.0, 0.0, 0.0, 0.0, 0.0, 0.0, 0.0, 0.0, 0.0, 0.0]
------------------------------------------------------
Yield
[50765.966690427114, 2583.72504530587, 194.02052784010212, 46229.22773689537, 8656.002499358117, 343.7169278410985, 3757.8969079833696, 116.42973842838211, 675.9254631115982, 22.284606268644588, 8755.772450771101, 1878.3918404125102, 148.86452617765033, 7084.947902736002, 4969.941894730766, 361.89210858556623, 902.599572736253, 122.52201576526875, 273.6587716891437, 20.72922209290051, 552.4014850571373, 464.6598619927566, 57.151148347159555, 404.7074469019867, 800.6283398143693, 160.1872107860328, 111.60517936172067, 64.22809842638915, 31.353155710832443, 7.528358768095094, 51.95627753283345, 10.259379297336537, 95.47634978465673, 29.61382388317395, 7.755776963190881, 11.581604033960788, 1.8317636797433137, 4.11606587830253, 2.761360079992874, 0.35187666467947815, 3.631549912959698, 3.759714165580304, 0.0, 0.3826082790224803, 0.0, 0.0]
------------------------------------------------------
YstatUp
[0.0063043896275293805, 0.02939706511922645, 0.08986469611366005, 0.00641743839178624, 0.014968186028586307, 0.07892925176220314, 0.022338668019194857, 0.12911904279180478, 0.04915704062799371, 0.28659329883453294, 0.015329312115262554, 0.0373570719706625, 0.12459138162209113, 0.01676352238172407, 0.021486132563554028, 0.08094024803756633, 0.050040306384836766, 0.12930720588295985, 0.07290077792909803, 0.3334882313360654, 0.057957159879562466, 0.07291817405292263, 0.19087476682658613, 0.06825289439399902, 0.05712811329501754, 0.1152787742667251, 0.1493956830309242, 0.15254941701819186, 0.2386782001328949, 0.590895278066255, 0.18759608670289238, 0.524901619392565, 0.1420735082231894, 0.26802529671636155, 0.6047641367311444, 0.45688858008034855, 1.5235917784299662, 0.5951046011424264, 0.8097705162397946, 5.531795348352427, 0.7285460408028137, 0.7522984461531874, 1.0356856112025024, 5.087474065748943, 1.0364927891005695, 1.836467110085752]
------------------------------------------------------
YstatLow
[0.0063043896275293805, 0.02939706511922645, 0.08986469611366005, 0.00641743839178624, 0.014968186028586307, 0.07892925176220314, 0.022338668019194857, 0.12911904279180478, 0.04915704062799371, 0.28659329883453294, 0.015329312115262554, 0.0373570719706625, 0.12459138162209113, 0.01676352238172407, 0.021486132563554028, 0.08094024803756633, 0.050040306384836766, 0.12930720588295985, 0.07290077792909803, 0.3334882313360654, 0.057957159879562466, 0.07291817405292263, 0.19087476682658613, 0.06825289439399902, 0.05712811329501754, 0.1152787742667251, 0.1493956830309242, 0.15254941701819186, 0.2386782001328949, 0.590895278066255, 0.18759608670289238, 0.524901619392565, 0.1420735082231894, 0.26802529671636155, 0.6047641367311444, 0.45688858008034855, 1.5235917784299662, 0.5951046011424264, 0.8097705162397946, 5.531795348352427, 0.7285460408028137, 0.7522984461531874, 1.0356856112025024, 5.087474065748943, 1.0364927891005695, 1.836467110085752]
------------------------------------------------------
YsysUp
[0.3087820275966189, 0.31216540050266084, 0.370575310724732, 0.30855637631209487, 0.3097193785353832, 0.33174798178375725, 0.3113844279071182, 0.38409985048142953, 0.32689880336296995, 0.5892951739931795, 0.3095442239462854, 0.31285291129601916, 0.3626765071434724, 0.30934887151304746, 0.31031005921348354, 0.33109448262889374, 0.31798155371640574, 0.3816130497124569, 0.37252981469475316, 0.589957491895356, 0.32626948568665504, 0.33043904878643793, 0.47187496909945786, 0.3261760256986873, 0.3192287089469111, 0.38551311167858077, 0.4036020727290813, 0.5896173608001718, 0.6565090081278583, 1.766910862510736, 0.33674234724725843, 0.34754393108013754, 0.472313783281017, 0.3380230671878651, 0.36087805093801256, 0.42641911211282013, 0.36301373731689474, 0.7307164389817575, 0.3366815261009388, 0.3474734380044937, 0.47232943309305947, 0.33803244184317344, 0.3608030429874029, 0.42785523772766837, 0.36292696745055936, 0.730624470319316]
------------------------------------------------------
YsysLow
[0.3087820275966189, 0.31216540050266084, 0.370575310724732, 0.30855637631209487, 0.3097193785353832, 0.33174798178375725, 0.3113844279071182, 0.38409985048142953, 0.32689880336296995, 0.5892951739931795, 0.3095442239462854, 0.31285291129601916, 0.3626765071434724, 0.30934887151304746, 0.31031005921348354, 0.33109448262889374, 0.31798155371640574, 0.3816130497124569, 0.37252981469475316, 0.589957491895356, 0.32626948568665504, 0.33043904878643793, 0.47187496909945786, 0.3261760256986873, 0.3192287089469111, 0.38551311167858077, 0.4036020727290813, 0.5896173608001718, 0.6565090081278583, 1.766910862510736, 0.33674234724725843, 0.34754393108013754, 0.472313783281017, 0.3380230671878651, 0.36087805093801256, 0.42641911211282013, 0.36301373731689474, 0.7325709924838022, 0.3366815261009388, 0.3474734380044937, 0.47232943309305947, 0.33803244184317344, 0.3608030429874029, 0.42785523772766837, 0.36292696745055936, 0.7324792566755071]
------------------------------------------------------