 binIndex : nMCGJ( nMCerr)|nMCEBt |nMCECt |Nobs |nEB| pEB(pEBerr) |nEC| pEC(pECerr) | trigW(trigWsysErr,trigWerr) | SF(SFerr) |ZgR(REr1) |f(fsysErr,+ferrUp-ferrDn) |purity(pErr)| DR(+DRup-DRlow)| Yield(+YstatUp-YstatLow,+YsysUp-YsysLow)
 1 : 38777.41( 0.067)|30086.258 |8691.038 |58892.0 |44660.0| 0.961(0.018) |14232.0| 0.923(0.048) | 1.0(0.02,0.013) | 0.974(0.067) |0.53(0.01) |0.969(0.3,+0.002-0.002) |0.952(0.025)| 1.0(+0.0-0.0)| 29603.674(+0.008-0.008,+0.309-0.309)
 2 : 2798.587( 0.069)|2156.789 |641.798 |3361.0 |2602.0| 0.961(0.018) |759.0| 0.923(0.048) | 1.0(0.02,0.013) | 0.974(0.067) |0.474(0.047) |0.973(0.3,+0.004-0.004) |0.953(0.024)| 1.0(+0.0-0.0)| 1517.918(+0.038-0.038,+0.313-0.313)
 3 : 185.259( 0.092)|153.77 |31.488 |201.0 |167.0| 0.961(0.018) |34.0| 0.923(0.048) | 1.0(0.02,0.013) | 0.974(0.067) |0.653(0.205) |0.979(0.3,+0.005-0.005) |0.955(0.023)| 1.0(+0.0-0.0)| 126.034(+0.112-0.112,+0.371-0.371)
 4 : 36966.496( 0.067)|29757.984 |7208.594 |49767.0 |39359.0| 0.966(0.016) |10408.0| 0.93(0.03) | 1.0(0.02,0.013) | 0.974(0.067) |0.537(0.009) |0.977(0.3,+0.002-0.002) |0.958(0.019)| 1.0(+0.0-0.0)| 25704.71(+0.009-0.009,+0.309-0.309)
 5 : 8088.635( 0.068)|6706.948 |1381.686 |9566.0 |7836.0| 0.966(0.016) |1730.0| 0.93(0.03) | 1.0(0.02,0.013) | 0.974(0.067) |0.533(0.029) |0.969(0.3,+0.002-0.002) |0.959(0.018)| 1.0(+0.0-0.0)| 4868.954(+0.02-0.02,+0.31-0.31)
 6 : 458.484( 0.079)|386.797 |71.687 |412.0 |357.0| 0.966(0.016) |55.0| 0.93(0.03) | 1.0(0.02,0.013) | 0.974(0.067) |0.462(0.121) |0.978(0.3,+0.003-0.003) |0.961(0.018)| 1.0(+0.0-0.0)| 183.632(+0.111-0.111,+0.332-0.332)
 7 : 3752.483( 0.069)|3359.94 |392.541 |3808.0 |3408.0| 0.982(0.008) |400.0| 0.915(0.052) | 1.0(0.02,0.013) | 0.974(0.067) |0.518(0.044) |0.985(0.3,+0.002-0.002) |0.975(0.013)| 1.0(+0.0-0.0)| 1944.382(+0.032-0.032,+0.312-0.312)
 8 : 149.419( 0.101)|137.403 |12.016 |137.0 |128.0| 0.982(0.008) |9.0| 0.915(0.052) | 1.0(0.02,0.013) | 0.974(0.067) |0.529(0.236) |0.984(0.3,+0.004-0.004) |0.978(0.011)| 1.0(+0.0-0.0)| 71.634(+0.163-0.163,+0.389-0.389)
 9 : 724.819( 0.076)|693.932 |30.887 |612.0 |583.0| 0.982(0.008) |29.0| 0.915(0.052) | 1.0(0.02,0.013) | 0.974(0.067) |0.588(0.11) |0.989(0.3,+0.002-0.002) |0.979(0.01)| 1.0(+0.0-0.0)| 357.741(+0.069-0.069,+0.327-0.327)
 10 : 29.299( 0.191)|27.52 |1.78 |30.0 |30.0| 0.982(0.008) |0.0| 0.915(0.052) | 1.0(0.02,0.013) | 0.974(0.067) |0.546(0.502) |0.991(0.3,+0.006-0.006) |0.982(0.008)| 1.0(+0.0-0.0)| 16.367(+0.35-0.35,+0.589-0.589)
 11 : 7329.352( 0.07)|5580.937 |1748.414 |9321.0 |6937.0| 0.961(0.018) |2384.0| 0.923(0.048) | 1.0(0.02,0.013) | 0.974(0.067) |0.548(0.023) |0.924(0.3,+0.008-0.008) |0.952(0.025)| 1.0(+0.0-0.0)| 4618.691(+0.021-0.021,+0.31-0.31)
 12 : 2382.2( 0.07)|1816.544 |565.654 |2738.0 |2081.0| 0.961(0.018) |657.0| 0.923(0.048) | 1.0(0.02,0.013) | 0.974(0.067) |0.442(0.051) |0.901(0.3,+0.01-0.01) |0.952(0.025)| 1.0(+0.0-0.0)| 1065.515(+0.049-0.049,+0.314-0.314)
 13 : 224.958( 0.088)|182.091 |42.867 |196.0 |160.0| 0.961(0.018) |36.0| 0.923(0.048) | 1.0(0.02,0.012) | 0.974(0.067) |0.481(0.188) |0.945(0.3,+0.008-0.008) |0.954(0.023)| 1.0(+0.0-0.0)| 87.332(+0.16-0.16,+0.362-0.362)
 14 : 6395.68( 0.069)|5069.961 |1325.717 |7602.0 |5928.0| 0.966(0.016) |1674.0| 0.93(0.03) | 1.0(0.02,0.013) | 0.974(0.067) |0.534(0.023) |0.949(0.3,+0.006-0.006) |0.958(0.019)| 1.0(+0.0-0.0)| 3787.367(+0.023-0.023,+0.31-0.31)
 15 : 5912.57( 0.068)|4776.418 |1136.131 |6148.0 |4951.0| 0.966(0.016) |1197.0| 0.93(0.03) | 1.0(0.02,0.012) | 0.974(0.067) |0.467(0.034) |0.928(0.3,+0.005-0.005) |0.959(0.018)| 1.0(+0.0-0.0)| 2623.008(+0.03-0.03,+0.311-0.311)
 16 : 504.163( 0.078)|414.145 |90.018 |439.0 |364.0| 0.966(0.016) |75.0| 0.93(0.03) | 1.0(0.02,0.012) | 0.974(0.067) |0.46(0.122) |0.932(0.3,+0.007-0.007) |0.96(0.018)| 1.0(+0.0-0.0)| 185.722(+0.113-0.113,+0.332-0.332)
 17 : 1291.079( 0.072)|1161.503 |129.575 |1068.0 |933.0| 0.982(0.008) |135.0| 0.915(0.052) | 1.0(0.02,0.012) | 0.974(0.067) |0.442(0.078) |0.966(0.3,+0.004-0.004) |0.973(0.013)| 1.0(+0.0-0.0)| 455.941(+0.072-0.072,+0.318-0.318)
 18 : 173.161( 0.097)|158.621 |14.54 |139.0 |124.0| 0.982(0.008) |15.0| 0.915(0.052) | 1.0(0.02,0.011) | 0.974(0.067) |0.513(0.228) |0.952(0.3,+0.008-0.008) |0.975(0.013)| 1.0(+0.0-0.0)| 67.974(+0.173-0.173,+0.384-0.384)
 19 : 290.63( 0.088)|280.965 |9.665 |204.0 |194.0| 0.982(0.008) |10.0| 0.915(0.052) | 1.0(0.02,0.011) | 0.974(0.067) |0.705(0.215) |0.969(0.3,+0.005-0.005) |0.979(0.01)| 1.0(+0.0-0.0)| 139.993(+0.102-0.102,+0.376-0.376)
 20 : 21.309( 0.22)|21.309 |0.0 |25.0 |25.0| 0.982(0.008) |0.0| 0.915(0.052) | 1.0(0.02,0.011) | 0.974(0.067) |0.447(0.503) |0.951(0.3,+0.019-0.019) |0.982(0.008)| 1.0(+0.0-0.0)| 10.713(+0.492-0.492,+0.59-0.59)
 21 : 358.826( 0.11)|264.986 |93.839 |486.0 |348.0| 0.961(0.018) |138.0| 0.923(0.048) | 1.0(0.02,0.013) | 0.974(0.067) |0.621(0.101) |0.907(0.3,+0.038-0.038) |0.95(0.026)| 1.0(+0.0-0.0)| 267.242(+0.082-0.082,+0.328-0.328)
 22 : 524.164( 0.081)|367.08 |157.083 |611.0 |438.0| 0.961(0.018) |173.0| 0.923(0.048) | 1.0(0.02,0.013) | 0.974(0.067) |0.476(0.117) |0.871(0.3,+0.025-0.025) |0.95(0.026)| 1.0(+0.0-0.0)| 247.379(+0.1-0.1,+0.332-0.332)
 23 : 83.097( 0.115)|63.576 |19.52 |78.0 |62.0| 0.961(0.018) |16.0| 0.923(0.048) | 1.0(0.02,0.012) | 0.974(0.067) |0.606(0.363) |0.888(0.3,+0.033-0.033) |0.953(0.024)| 1.0(+0.0-0.0)| 41.126(+0.215-0.215,+0.478-0.478)
 24 : 286.557( 0.114)|222.713 |63.844 |348.0 |245.0| 0.966(0.016) |103.0| 0.93(0.03) | 1.0(0.02,0.013) | 0.974(0.067) |0.563(0.108) |0.973(0.3,+0.016-0.016) |0.955(0.02)| 1.0(+0.0-0.0)| 186.902(+0.1-0.1,+0.328-0.328)
 25 : 1052.941( 0.074)|838.961 |213.98 |1083.0 |847.0| 0.966(0.016) |236.0| 0.93(0.03) | 1.0(0.02,0.012) | 0.974(0.067) |0.435(0.082) |0.893(0.3,+0.014-0.014) |0.958(0.019)| 1.0(+0.0-0.0)| 414.135(+0.079-0.079,+0.32-0.32)
 26 : 198.893( 0.092)|165.127 |33.767 |182.0 |156.0| 0.966(0.016) |26.0| 0.93(0.03) | 1.0(0.02,0.012) | 0.974(0.067) |0.516(0.231) |0.888(0.3,+0.016-0.016) |0.961(0.018)| 1.0(+0.0-0.0)| 82.368(+0.164-0.164,+0.386-0.386)
 27 : 169.795( 0.099)|151.252 |18.544 |121.0 |108.0| 0.982(0.008) |13.0| 0.915(0.052) | 1.0(0.02,0.012) | 0.974(0.067) |0.463(0.273) |0.929(0.3,+0.022-0.022) |0.975(0.013)| 1.0(+0.0-0.0)| 52.083(+0.211-0.211,+0.413-0.413)
 28 : 60.568( 0.137)|57.31 |3.259 |42.0 |40.0| 0.982(0.008) |2.0| 0.915(0.052) | 1.0(0.02,0.012) | 0.974(0.067) |0.714(0.502) |0.872(0.3,+0.03-0.03) |0.979(0.01)| 1.0(+0.0-0.0)| 26.298(+0.246-0.246,+0.59-0.59)
 29 : 49.236( 0.153)|49.236 |0.0 |33.0 |30.0| 0.982(0.008) |3.0| 0.915(0.052) | 1.0(0.02,0.011) | 0.974(0.067) |0.663(0.583) |0.943(0.3,+0.019-0.019) |0.976(0.012)| 1.0(+0.0-0.0)| 20.671(+0.278-0.278,+0.66-0.66)
 30 : 5.304( 0.425)|5.304 |0.0 |11.0 |11.0| 0.982(0.008) |0.0| 0.915(0.052) | 1.0(0.02,0.011) | 0.974(0.067) |0.48(1.735) |0.852(0.3,+0.13-0.13) |0.982(0.008)| 1.0(+0.0-0.0)| 4.532(+0.819-0.819,+1.767-1.767)
 31 : 38.597( 0.194)|30.611 |7.985 |54.0 |42.0| 0.961(0.018) |12.0| 0.923(0.048) | 1.0(0.02,0.013) | 0.974(0.067) |0.621(0.131) |0.922(0.3,+0.047-0.047) |0.953(0.024)| 1.0(+0.0-0.0)| 30.245(+0.243-0.243,+0.339-0.339)
 32 : 12.435( 0.252)|9.328 |3.108 |18.0 |11.0| 0.961(0.018) |7.0| 0.923(0.048) | 1.0(0.02,0.013) | 0.974(0.067) |0.476(0.092) |0.762(0.3,+0.126-0.126) |0.946(0.029)| 1.0(+0.0-0.0)| 6.352(+0.668-0.668,+0.346-0.346)
 33 : 62.93( 0.142)|46.175 |16.754 |89.0 |60.0| 0.966(0.016) |29.0| 0.93(0.03) | 1.0(0.02,0.013) | 0.974(0.067) |0.606(0.391) |0.948(0.3,+0.025-0.025) |0.954(0.02)| 1.0(+0.0-0.0)| 50.114(+0.188-0.188,+0.499-0.499)
 34 : 33.282( 0.167)|25.474 |7.807 |35.0 |29.0| 0.966(0.016) |6.0| 0.93(0.03) | 1.0(0.02,0.013) | 0.974(0.067) |0.563(0.139) |0.862(0.3,+0.036-0.036) |0.96(0.018)| 1.0(+0.0-0.0)| 16.737(+0.353-0.353,+0.341-0.341)
 35 : 12.193( 0.274)|10.662 |1.53 |5.0 |4.0| 0.982(0.008) |1.0| 0.915(0.052) | 1.0(0.02,0.013) | 0.974(0.067) |0.435(0.07) |0.81(0.3,+0.176-0.176) |0.969(0.016)| 1.0(+0.0-0.0)| 1.754(+1.275-1.275,+0.362-0.362)
 36 : 12.134( 0.274)|10.518 |1.617 |3.0 |3.0| 0.982(0.008) |0.0| 0.915(0.052) | 1.0(0.02,0.012) | 0.974(0.067) |0.516(0.257) |0.772(0.3,+0.077-0.077) |0.982(0.008)| 1.0(+0.0-0.0)| 1.206(+1.994-1.994,+0.409-0.409)
 37 : 3.551( 0.518)|3.551 |0.0 |3.0 |3.0| 0.982(0.008) |0.0| 0.915(0.052) | 1.0(0.02,0.012) | 0.974(0.067) |0.463(0.177) |0.838(0.3,+0.124-0.124) |0.982(0.008)| 1.0(+0.0-0.0)| 1.173(+2.051-2.051,+0.376-0.376)
 38 : 1.699( 0.73)|1.699 |0.0 |0.0 |0.0| 0.982(0.008) |0.0| 0.915(0.052) | 1.0(0.02,0.011) | 0.974(0.067) |0.714(0.541) |0.898(0.3,+0.114-0.125) |1.0(0.0)| 1.0(+0.0-0.0)| 0.0(+1.687-1.687,+0.633-0.635)
 39 : 2.034( 0.597)|0.711 |1.322 |0.0 |0.0| 0.961(0.018) |0.0| 0.923(0.048) | 1.0(0.02,0.012) | 0.974(0.067) |0.621(0.131) |0.922(0.3,+0.047-0.047) |1.0(0.0)| 1.0(+0.0-0.0)| 0.0(+1.466-1.466,+0.338-0.338)
 40 : 1.456( 0.729)|1.456 |0.0 |0.0 |0.0| 0.961(0.018) |0.0| 0.923(0.048) | 1.0(0.02,0.011) | 0.974(0.067) |0.476(0.092) |0.762(0.3,+0.126-0.126) |1.0(0.0)| 1.0(+0.0-0.0)| 0.0(+1.124-1.124,+0.345-0.345)
 41 : 5.833( 0.484)|4.386 |1.447 |2.0 |1.0| 0.966(0.016) |1.0| 0.93(0.03) | 1.0(0.02,0.013) | 0.974(0.067) |0.606(0.391) |0.948(0.3,+0.025-0.025) |0.948(0.023)| 1.0(+0.0-0.0)| 1.119(+1.264-1.264,+0.499-0.499)
 42 : 4.515( 0.425)|3.759 |0.756 |3.0 |3.0| 0.966(0.016) |0.0| 0.93(0.03) | 1.0(0.02,0.014) | 0.974(0.067) |0.563(0.139) |0.862(0.3,+0.036-0.036) |0.966(0.016)| 1.0(+0.0-0.0)| 1.444(+1.666-1.666,+0.341-0.341)
 43 : 0.804( 1.029)|0.804 |0.0 |1.0 |1.0| 0.982(0.008) |0.0| 0.915(0.052) | 1.0(0.02,0.014) | 0.974(0.067) |0.435(0.07) |0.81(0.3,+0.176-0.176) |0.982(0.008)| 1.0(+0.0-0.0)| 0.356(+5.472-5.472,+0.362-0.362)
 44 : 0.0( 1.671)|0.0 |0.0 |2.0 |2.0| 0.982(0.008) |0.0| 0.915(0.052) | 1.0(0.02,0.012) | 0.974(0.067) |0.516(0.257) |0.772(0.3,+0.077-0.077) |0.982(0.008)| 1.0(+0.0-0.0)| 0.804(+2.721-2.721,+0.409-0.409)
 45 : 0.0( 1.671)|0.0 |0.0 |0.0 |0.0| 0.982(0.008) |0.0| 0.915(0.052) | 1.0(0.02,0.013) | 0.974(0.067) |0.463(0.177) |0.838(0.3,+0.124-0.124) |1.0(0.0)| 1.0(+0.0-0.0)| 0.0(+1.093-1.093,+0.376-0.376)
 46 : 0.0( 1.671)|0.0 |0.0 |0.0 |0.0| 0.982(0.008) |0.0| 0.915(0.052) | 1.0(0.02,0.011) | 0.974(0.067) |0.714(0.541) |0.898(0.3,+0.114-0.125) |1.0(0.0)| 1.0(+0.0-0.0)| 0.0(+1.687-1.687,+0.633-0.635)

binIndex
[1, 2, 3, 4, 5, 6, 7, 8, 9, 10, 11, 12, 13, 14, 15, 16, 17, 18, 19, 20, 21, 22, 23, 24, 25, 26, 27, 28, 29, 30, 31, 32, 33, 34, 35, 36, 37, 38, 39, 40, 41, 42, 43, 44, 45, 46]
------------------------------------------------------
nMCGJ
[38777.409931977025, 2798.587360481692, 185.25854736208862, 36966.495952575264, 8088.635085597357, 458.48424119730856, 3752.483270154158, 149.4191240638028, 724.8185598356876, 29.299394789467144, 7329.352400576979, 2382.2004149025756, 224.95800651528643, 6395.679621153298, 5912.5696082249, 504.1627012754708, 1291.0788037730165, 173.16099840279605, 290.62980609976586, 21.309230941847748, 358.8255307019626, 524.1635425158979, 83.09656761393596, 286.55721120845993, 1052.941141721729, 198.8931347933697, 169.7953639630259, 60.568243602684, 49.23643600952716, 5.303950232152833, 38.59655940357793, 12.435190127645175, 62.92968551605596, 33.28155850431576, 12.192570305730019, 12.13427588972827, 3.551164254665531, 1.6987109387602235, 2.0335757459570223, 1.4557553724641874, 5.833126084310388, 4.5150491188175845, 0.8043673470990912, 0.0, 0.0, 0.0]
------------------------------------------------------
nMCerr
[0.06746699626480604, 0.06893970256527404, 0.09209547176233938, 0.06732046329881705, 0.06764205368540843, 0.07862579694483587, 0.06861051406988324, 0.10134763182512133, 0.07580646513259601, 0.19088113460337106, 0.06963172158893127, 0.06958463974760966, 0.08810040467580517, 0.0694870248209989, 0.06796722915232666, 0.07762095100292536, 0.07174585642114205, 0.0973273757543951, 0.08757141702015465, 0.22005713901631116, 0.10963862915321854, 0.08051640468066017, 0.11543536095965029, 0.11366644121144624, 0.07377156812303687, 0.09176465093033624, 0.09901243711702651, 0.1369392198346718, 0.15272271470929408, 0.4246434507814048, 0.19404385824539105, 0.25220963127081536, 0.14204103054313533, 0.1674159451744589, 0.27371257051339376, 0.27379850313042275, 0.5179233192838382, 0.7295959474017275, 0.5972268896213576, 0.7293977832436095, 0.4840874755846521, 0.42472411803185217, 1.0293567223119668, 1.6713350459533973, 1.6713350459533973, 1.6713350459533973]
------------------------------------------------------
nMCEBt
[30086.25837982592, 2156.7894967609973, 153.77014470247977, 29757.984158926425, 6706.948406105163, 386.7973432346229, 3359.940252207768, 137.40268296241163, 693.9316774123425, 27.519864619240106, 5580.93746258861, 1816.543874874608, 182.090691314278, 5069.961047632985, 4776.4178651033035, 414.1446846811185, 1161.5032667767937, 158.62095909190626, 280.9646312922114, 21.309230941847748, 264.9860564774181, 367.08014181814616, 63.57648354552201, 222.71277463348272, 838.9612620324248, 165.1266708809018, 151.25171600480343, 57.30950144652077, 49.23643600952716, 5.303950232152833, 30.61109342410163, 9.327683116824575, 46.17540911191761, 25.474366408113205, 10.662078210871348, 10.517628978227913, 3.551164254665531, 1.6987109387602235, 0.7114048576229165, 1.4557553724641874, 4.386439407805637, 3.7592368734044594, 0.8043673470990912, 0.0, 0.0, 0.0]
------------------------------------------------------
nMCECt
[8691.038417087773, 641.7984579174562, 31.48846207928498, 7208.59355512318, 1381.6862041347854, 71.68693509998326, 392.5411462265923, 12.016435530796533, 30.887036543129845, 1.779529473902706, 1748.4141061129026, 565.6544009196274, 42.86741547171188, 1325.7167909300294, 1136.1311839136586, 90.01826170051623, 129.575239897842, 14.540055094241273, 9.665200803662753, 0.0, 93.83934053027319, 157.0834452625088, 19.520067356630044, 63.84442172005817, 213.97986483438535, 33.76650476349524, 18.543655385681983, 3.258744477244325, 0.0, 0.0, 7.985469693206055, 3.1075060823881615, 16.754270833543714, 7.807192096202556, 1.5304923269667794, 1.6166454027976425, 0.0, 0.0, 1.322170888334106, 0.0, 1.446686908612861, 0.7558121873860977, 0.0, 0.0, 0.0, 0.0]
------------------------------------------------------
Nobs
[58892.0, 3361.0, 201.0, 49767.0, 9566.0, 412.0, 3808.0, 137.0, 612.0, 30.0, 9321.0, 2738.0, 196.0, 7602.0, 6148.0, 439.0, 1068.0, 139.0, 204.0, 25.0, 486.0, 611.0, 78.0, 348.0, 1083.0, 182.0, 121.0, 42.0, 33.0, 11.0, 54.0, 18.0, 89.0, 35.0, 5.0, 3.0, 3.0, 0.0, 0.0, 0.0, 2.0, 3.0, 1.0, 2.0, 0.0, 0.0]
------------------------------------------------------
nEB
[44660.0, 2602.0, 167.0, 39359.0, 7836.0, 357.0, 3408.0, 128.0, 583.0, 30.0, 6937.0, 2081.0, 160.0, 5928.0, 4951.0, 364.0, 933.0, 124.0, 194.0, 25.0, 348.0, 438.0, 62.0, 245.0, 847.0, 156.0, 108.0, 40.0, 30.0, 11.0, 42.0, 11.0, 60.0, 29.0, 4.0, 3.0, 3.0, 0.0, 0.0, 0.0, 1.0, 3.0, 1.0, 2.0, 0.0, 0.0]
------------------------------------------------------
pEB
[0.9612409354666666, 0.9612409354666666, 0.9612409354666666, 0.9657104593263334, 0.9657104593263334, 0.9657104593263334, 0.9819289765320001, 0.9819289765320001, 0.9819289765320001, 0.9819289765320001, 0.9612409354666666, 0.9612409354666666, 0.9612409354666666, 0.9657104593263334, 0.9657104593263334, 0.9657104593263334, 0.9819289765320001, 0.9819289765320001, 0.9819289765320001, 0.9819289765320001, 0.9612409354666666, 0.9612409354666666, 0.9612409354666666, 0.9657104593263334, 0.9657104593263334, 0.9657104593263334, 0.9819289765320001, 0.9819289765320001, 0.9819289765320001, 0.9819289765320001, 0.9612409354666666, 0.9612409354666666, 0.9657104593263334, 0.9657104593263334, 0.9819289765320001, 0.9819289765320001, 0.9819289765320001, 0.9819289765320001, 0.9612409354666666, 0.9612409354666666, 0.9657104593263334, 0.9657104593263334, 0.9819289765320001, 0.9819289765320001, 0.9819289765320001, 0.9819289765320001]
------------------------------------------------------
pEBerr
[0.017907750433013472, 0.017907750433013472, 0.017907750433013472, 0.015774517454531272, 0.015774517454531272, 0.015774517454531272, 0.008181634064180276, 0.008181634064180276, 0.008181634064180276, 0.008181634064180276, 0.017907750433013472, 0.017907750433013472, 0.017907750433013472, 0.015774517454531272, 0.015774517454531272, 0.015774517454531272, 0.008181634064180276, 0.008181634064180276, 0.008181634064180276, 0.008181634064180276, 0.017907750433013472, 0.017907750433013472, 0.017907750433013472, 0.015774517454531272, 0.015774517454531272, 0.015774517454531272, 0.008181634064180276, 0.008181634064180276, 0.008181634064180276, 0.008181634064180276, 0.017907750433013472, 0.017907750433013472, 0.015774517454531272, 0.015774517454531272, 0.008181634064180276, 0.008181634064180276, 0.008181634064180276, 0.008181634064180276, 0.017907750433013472, 0.017907750433013472, 0.015774517454531272, 0.015774517454531272, 0.008181634064180276, 0.008181634064180276, 0.008181634064180276, 0.008181634064180276]
------------------------------------------------------
nEC
[14232.0, 759.0, 34.0, 10408.0, 1730.0, 55.0, 400.0, 9.0, 29.0, 0.0, 2384.0, 657.0, 36.0, 1674.0, 1197.0, 75.0, 135.0, 15.0, 10.0, 0.0, 138.0, 173.0, 16.0, 103.0, 236.0, 26.0, 13.0, 2.0, 3.0, 0.0, 12.0, 7.0, 29.0, 6.0, 1.0, 0.0, 0.0, 0.0, 0.0, 0.0, 1.0, 0.0, 0.0, 0.0, 0.0, 0.0]
------------------------------------------------------
pEC
[0.9232578112983333, 0.9232578112983333, 0.9232578112983333, 0.9296478600020001, 0.9296478600020001, 0.9296478600020001, 0.9149493319753333, 0.9149493319753333, 0.9149493319753333, 0.9149493319753333, 0.9232578112983333, 0.9232578112983333, 0.9232578112983333, 0.9296478600020001, 0.9296478600020001, 0.9296478600020001, 0.9149493319753333, 0.9149493319753333, 0.9149493319753333, 0.9149493319753333, 0.9232578112983333, 0.9232578112983333, 0.9232578112983333, 0.9296478600020001, 0.9296478600020001, 0.9296478600020001, 0.9149493319753333, 0.9149493319753333, 0.9149493319753333, 0.9149493319753333, 0.9232578112983333, 0.9232578112983333, 0.9296478600020001, 0.9296478600020001, 0.9149493319753333, 0.9149493319753333, 0.9149493319753333, 0.9149493319753333, 0.9232578112983333, 0.9232578112983333, 0.9296478600020001, 0.9296478600020001, 0.9149493319753333, 0.9149493319753333, 0.9149493319753333, 0.9149493319753333]
------------------------------------------------------
pECerr
[0.04794225565492011, 0.04794225565492011, 0.04794225565492011, 0.029582583875297493, 0.029582583875297493, 0.029582583875297493, 0.05213560787606478, 0.05213560787606478, 0.05213560787606478, 0.05213560787606478, 0.04794225565492011, 0.04794225565492011, 0.04794225565492011, 0.029582583875297493, 0.029582583875297493, 0.029582583875297493, 0.05213560787606478, 0.05213560787606478, 0.05213560787606478, 0.05213560787606478, 0.04794225565492011, 0.04794225565492011, 0.04794225565492011, 0.029582583875297493, 0.029582583875297493, 0.029582583875297493, 0.05213560787606478, 0.05213560787606478, 0.05213560787606478, 0.05213560787606478, 0.04794225565492011, 0.04794225565492011, 0.029582583875297493, 0.029582583875297493, 0.05213560787606478, 0.05213560787606478, 0.05213560787606478, 0.05213560787606478, 0.04794225565492011, 0.04794225565492011, 0.029582583875297493, 0.029582583875297493, 0.05213560787606478, 0.05213560787606478, 0.05213560787606478, 0.05213560787606478]
------------------------------------------------------
trigW
[1.0, 1.0, 1.0, 1.0, 1.0, 1.0, 1.0, 1.0, 1.0, 1.0, 1.0, 1.0, 1.0, 1.0, 1.0, 1.0, 1.0, 1.0, 1.0, 1.0, 1.0, 1.0, 1.0, 1.0, 1.0, 1.0, 1.0, 1.0, 1.0, 1.0, 1.0, 1.0, 1.0, 1.0, 1.0, 1.0, 1.0, 1.0, 1.0, 1.0, 1.0, 1.0, 1.0, 1.0, 1.0, 1.0]
------------------------------------------------------
trigWsysErr
[0.02, 0.02, 0.02, 0.02, 0.02, 0.02, 0.02, 0.02, 0.02, 0.02, 0.02, 0.02, 0.02, 0.02, 0.02, 0.02, 0.02, 0.02, 0.02, 0.02, 0.02, 0.02, 0.02, 0.02, 0.02, 0.02, 0.02, 0.02, 0.02, 0.02, 0.02, 0.02, 0.02, 0.02, 0.02, 0.02, 0.02, 0.02, 0.02, 0.02, 0.02, 0.02, 0.02, 0.02, 0.02, 0.02]
------------------------------------------------------
trigWerr
[0.012519966225096485, 0.012519966225096485, 0.012519966225096485, 0.012519966225096485, 0.012519966225096485, 0.012519966225096485, 0.012519966225096485, 0.012519966225096485, 0.012519966225096485, 0.012519966225096485, 0.012853774278340013, 0.012727643201428147, 0.012276295024875624, 0.01259471043261599, 0.012369434413547984, 0.011992295388349516, 0.011765686134453782, 0.011452302189781024, 0.011306493300653595, 0.0109291, 0.012966101523441692, 0.012840182943754566, 0.012391930612244898, 0.012682880347277032, 0.012479729001301237, 0.012289743507972666, 0.011935823314606742, 0.011788556834532374, 0.0113195068627451, 0.0109291, 0.01319056790123457, 0.013184130932896892, 0.012562802564102565, 0.01328634971264368, 0.012664626131117268, 0.012066857142857143, 0.011784768595041321, 0.011308352380952381, 0.011653127272727274, 0.0109291, 0.012698944444444445, 0.01402632777777778, 0.013524208988764046, 0.01229440857142857, 0.012521960000000002, 0.010929100000000002]
------------------------------------------------------
SF
[0.9735319735212031, 0.9735319735212031, 0.9735319735212031, 0.9735319735212031, 0.9735319735212031, 0.9735319735212031, 0.9735319735212031, 0.9735319735212031, 0.9735319735212031, 0.9735319735212031, 0.9735319735212031, 0.9735319735212031, 0.9735319735212031, 0.9735319735212031, 0.9735319735212031, 0.9735319735212031, 0.9735319735212031, 0.9735319735212031, 0.9735319735212031, 0.9735319735212031, 0.9735319735212031, 0.9735319735212031, 0.9735319735212031, 0.9735319735212031, 0.9735319735212031, 0.9735319735212031, 0.9735319735212031, 0.9735319735212031, 0.9735319735212031, 0.9735319735212031, 0.9735319735212031, 0.9735319735212031, 0.9735319735212031, 0.9735319735212031, 0.9735319735212031, 0.9735319735212031, 0.9735319735212031, 0.9735319735212031, 0.9735319735212031, 0.9735319735212031, 0.9735319735212031, 0.9735319735212031, 0.9735319735212031, 0.9735319735212031, 0.9735319735212031, 0.9735319735212031]
------------------------------------------------------
SFerr
[0.06678948893384838, 0.06678948893384838, 0.06678948893384838, 0.06678948893384838, 0.06678948893384838, 0.06678948893384838, 0.06678948893384838, 0.06678948893384838, 0.06678948893384838, 0.06678948893384838, 0.06678948893384838, 0.06678948893384838, 0.06678948893384838, 0.06678948893384838, 0.06678948893384838, 0.06678948893384838, 0.06678948893384838, 0.06678948893384838, 0.06678948893384838, 0.06678948893384838, 0.06678948893384838, 0.06678948893384838, 0.06678948893384838, 0.06678948893384838, 0.06678948893384838, 0.06678948893384838, 0.06678948893384838, 0.06678948893384838, 0.06678948893384838, 0.06678948893384838, 0.06678948893384838, 0.06678948893384838, 0.06678948893384838, 0.06678948893384838, 0.06678948893384838, 0.06678948893384838, 0.06678948893384838, 0.06678948893384838, 0.06678948893384838, 0.06678948893384838, 0.06678948893384838, 0.06678948893384838, 0.06678948893384838, 0.06678948893384838, 0.06678948893384838, 0.06678948893384838]
------------------------------------------------------
ZgR
[0.530220627784729, 0.4742560088634491, 0.6528639793395996, 0.5371978282928467, 0.5333268642425537, 0.46193554997444153, 0.5175873637199402, 0.5292242765426636, 0.5876410007476807, 0.5458210706710815, 0.5484268069267273, 0.44181761145591736, 0.4812052845954895, 0.5335046648979187, 0.4666382372379303, 0.4604092538356781, 0.4419345557689667, 0.5130223035812378, 0.7045642733573914, 0.4469257891178131, 0.6207320690155029, 0.47607091069221497, 0.6059688329696655, 0.5626963376998901, 0.4354623854160309, 0.5162533521652222, 0.4626355767250061, 0.7144650816917419, 0.6627930402755737, 0.4796738624572754, 0.6207320690155029, 0.47607091069221497, 0.6059688329696655, 0.5626963376998901, 0.4354623854160309, 0.5162533521652222, 0.4626355767250061, 0.7144650816917419, 0.6207320690155029, 0.47607091069221497, 0.6059688329696655, 0.5626963376998901, 0.4354623854160309, 0.5162533521652222, 0.4626355767250061, 0.7144650816917419]
------------------------------------------------------
REr1
[0.00994595151591042, 0.047151305506275755, 0.20525129946669338, 0.009317356977645694, 0.028673404482999657, 0.12094188801379695, 0.04365689760530016, 0.23620633495277557, 0.10956671997099957, 0.5022138861282336, 0.02271660504374297, 0.0508299429044593, 0.18833079680689327, 0.023376272171324448, 0.03421693999483986, 0.12188428216609389, 0.07812027789330533, 0.22832679365644032, 0.21472930650576183, 0.502703544677338, 0.10074302135378305, 0.1166581179761866, 0.36347882589414143, 0.10783867307483037, 0.08243581715958091, 0.23073638045634168, 0.27340661387112825, 0.5016943612640846, 0.5831669399953788, 1.7349310132045526, 0.13135527224900312, 0.09165081344595025, 0.39143108845632735, 0.13934711339912884, 0.06953504017644063, 0.25747788512136255, 0.17703822024331473, 0.5408069804954474, 0.13135527224900312, 0.09165081344595025, 0.39143108845632735, 0.13934711339912884, 0.06953504017644063, 0.25747788512136255, 0.17703822024331473, 0.5408069804954474]
------------------------------------------------------
f
[0.969432907698, 0.973145158757, 0.979263771362, 0.976889210827, 0.968630268912, 0.977559820541, 0.985131528509, 0.983965826053, 0.989420643321, 0.990962172524, 0.924415581298, 0.900613686123, 0.944646618266, 0.949206308714, 0.928448449434, 0.932263077866, 0.966073435266, 0.95206802902, 0.968901223366, 0.950653869399, 0.907367595812, 0.871073319118, 0.888424582686, 0.972950074516, 0.892513261282, 0.888482999934, 0.929254115212, 0.871710694575, 0.942829884842, 0.851514476336, 0.921928773995, 0.762406001333, 0.948291436198, 0.86223639719, 0.809934607131, 0.772346396222, 0.837954268482, 0.897608048896, 0.921928773995, 0.762406001333, 0.948291436198, 0.86223639719, 0.809934607131, 0.772346396222, 0.837954268482, 0.897608048896]
------------------------------------------------------
fsysErr
[0.3, 0.3, 0.3, 0.3, 0.3, 0.3, 0.3, 0.3, 0.3, 0.3, 0.3, 0.3, 0.3, 0.3, 0.3, 0.3, 0.3, 0.3, 0.3, 0.3, 0.3, 0.3, 0.3, 0.3, 0.3, 0.3, 0.3, 0.3, 0.3, 0.3, 0.3, 0.3, 0.3, 0.3, 0.3, 0.3, 0.3, 0.3, 0.3, 0.3, 0.3, 0.3, 0.3, 0.3, 0.3, 0.3]
------------------------------------------------------
ferrUp
[0.002250200779804311, 0.003972962859578311, 0.0049004880203068635, 0.00167757407817274, 0.002384757431114161, 0.003165890683484979, 0.0020279042173623305, 0.004365766789860662, 0.0015852519632553635, 0.005836579925849714, 0.007787383961985988, 0.009812669869390639, 0.008344398899282767, 0.006063123069459132, 0.004721424548926035, 0.0072158929819024, 0.004291138046921409, 0.007853669233296907, 0.004964086894906463, 0.01885866658054425, 0.038399414046210986, 0.02546383174134997, 0.032584517665053776, 0.01571095890845592, 0.013587914068503917, 0.016126979345428533, 0.02199867618766077, 0.029982614856116467, 0.018523126276620575, 0.13040434315902827, 0.04748179544294971, 0.12551371208357517, 0.02476476642851025, 0.03636481466368751, 0.17565094320631955, 0.07720069804942994, 0.1237737145726204, 0.1140720064062878, 0.04748179544294971, 0.12551371208357517, 0.02476476642851025, 0.03636481466368751, 0.17565094320631955, 0.07720069804942994, 0.1237737145726204, 0.1140720064062878]
------------------------------------------------------
ferrDn
[0.002250200779804311, 0.003972962859578311, 0.0049004880203068635, 0.00167757407817274, 0.002384757431114161, 0.003165890683484979, 0.0020279042173623305, 0.004365766789860662, 0.0015852519632553635, 0.005836579925849714, 0.007787383961985988, 0.009812669869390639, 0.008344398899282767, 0.006063123069459132, 0.004721424548926035, 0.0072158929819024, 0.004291138046921409, 0.007853669233296907, 0.004964086894906463, 0.01885866658054425, 0.038399414046210986, 0.02546383174134997, 0.032584517665053776, 0.01571095890845592, 0.013587914068503917, 0.016126979345428533, 0.02199867618766077, 0.029982614856116467, 0.018523126276620575, 0.13040434315902827, 0.04748179544294971, 0.12551371208357517, 0.02476476642851025, 0.03636481466368751, 0.17565094320631955, 0.07720069804942994, 0.1237737145726204, 0.1254040169854159, 0.04748179544294971, 0.12551371208357517, 0.02476476642851025, 0.03636481466368751, 0.17565094320631955, 0.07720069804942994, 0.1237737145726204, 0.1254040169854159]
------------------------------------------------------
purity
[0.95206183095054, 0.952663371871378, 0.9548159293884411, 0.9581685232287656, 0.9591885800841112, 0.9608962773776966, 0.9748932995827703, 0.9775288538968907, 0.9787551044860143, 0.9819289765320001, 0.9515261228910517, 0.9521266503758722, 0.9542644432724828, 0.9577692870994281, 0.9586891627435052, 0.959549422995297, 0.9734624484279271, 0.9747009573352375, 0.9786456606223596, 0.9819289765320001, 0.9504556039126953, 0.950486302928006, 0.9534495253808546, 0.9550367589516026, 0.9578519427607354, 0.9605586594228572, 0.9747328163730195, 0.9787394696483492, 0.9758399179359395, 0.9819289765320001, 0.952800241207037, 0.9464697205123147, 0.9539597247150339, 0.9595282994421619, 0.9685330476206667, 0.9819289765320001, 0.9819289765320001, 1.0, 1.0, 1.0, 0.9476791596641667, 0.9657104593263334, 0.9819289765320001, 0.9819289765320001, 1.0, 1.0]
------------------------------------------------------
pErr
[0.024946377416070833, 0.024480956816645156, 0.02282029695798378, 0.018576305405594067, 0.01819478327958637, 0.017557882721214318, 0.012514758446045543, 0.010884269995371879, 0.010128642015802396, 0.008181634064180276, 0.0253613575982547, 0.02489619745181695, 0.023245044850139243, 0.018725849160138194, 0.018381474136899566, 0.01806001487731091, 0.013403653719296232, 0.012634096413158344, 0.010196005466945829, 0.008181634064180276, 0.026192024423874617, 0.026168177531380905, 0.02387358416947941, 0.019752741466626974, 0.018694878207504744, 0.017683620673179287, 0.012614326347952148, 0.010138264443598624, 0.011928118431849894, 0.008181634064180276, 0.024375141172516962, 0.029301384920523827, 0.020159110523825987, 0.018067901355104728, 0.01648608151192411, 0.008181634064180276, 0.008181634064180276, 0.0, 0.0, 0.0, 0.022547189021657307, 0.015774517454531272, 0.008181634064180276, 0.008181634064180276, 0.0, 0.0]
------------------------------------------------------
DR
[1.0, 1.0, 1.0, 1.0, 1.0, 1.0, 1.0, 1.0, 1.0, 1.0, 1.0, 1.0, 1.0, 1.0, 1.0, 1.0, 1.0, 1.0, 1.0, 1.0, 1.0, 1.0, 1.0, 1.0, 1.0, 1.0, 1.0, 1.0, 1.0, 1.0, 1.0, 1.0, 1.0, 1.0, 1.0, 1.0, 1.0, 1.0, 1.0, 1.0, 1.0, 1.0, 1.0, 1.0, 1.0, 1.0]
------------------------------------------------------
DRup
[0.0, 0.0, 0.0, 0.0, 0.0, 0.0, 0.0, 0.0, 0.0, 0.0, 0.0, 0.0, 0.0, 0.0, 0.0, 0.0, 0.0, 0.0, 0.0, 0.0, 0.0, 0.0, 0.0, 0.0, 0.0, 0.0, 0.0, 0.0, 0.0, 0.0, 0.0, 0.0, 0.0, 0.0, 0.0, 0.0, 0.0, 0.0, 0.0, 0.0, 0.0, 0.0, 0.0, 0.0, 0.0, 0.0]
------------------------------------------------------
DRlow
[0.0, 0.0, 0.0, 0.0, 0.0, 0.0, 0.0, 0.0, 0.0, 0.0, 0.0, 0.0, 0.0, 0.0, 0.0, 0.0, 0.0, 0.0, 0.0, 0.0, 0.0, 0.0, 0.0, 0.0, 0.0, 0.0, 0.0, 0.0, 0.0, 0.0, 0.0, 0.0, 0.0, 0.0, 0.0, 0.0, 0.0, 0.0, 0.0, 0.0, 0.0, 0.0, 0.0, 0.0, 0.0, 0.0]
------------------------------------------------------
Yield
[29603.67417325493, 1517.917714190536, 126.03404914804264, 25704.70970126577, 4868.953790977916, 183.6319460246919, 1944.38243576005, 71.63408307046122, 357.7406564479415, 16.366600628161702, 4618.691298066283, 1065.5148615021515, 87.3321910252271, 3787.3669870696285, 2623.0077599850592, 185.72235317689274, 455.9406749245928, 67.97358901020253, 139.99274983917385, 10.713409397142097, 267.2423819082413, 247.37921707376782, 41.12566603931045, 186.90191722044278, 414.135010215611, 82.36772428196963, 52.08279214031169, 26.2978083291435, 20.670623615800924, 4.531694574436155, 30.244537768968087, 6.351655896592424, 50.11433164952573, 16.73693975559, 1.7544251002694264, 1.2064966502658183, 1.173033610364688, 0.0, 0.0, 0.0, 1.1187504483887478, 1.443837809695628, 0.3557381645038768, 0.8043311001772121, 0.0, 0.0]
------------------------------------------------------
YstatUp
[0.00819752096639808, 0.03819319823503015, 0.11248902161434687, 0.008678766969789694, 0.020087668622319445, 0.11053514145874768, 0.03173706640589164, 0.16339568273954966, 0.06915242455062116, 0.3498685769494095, 0.020903177959332164, 0.04910856122085057, 0.16030744031093766, 0.02302112501920753, 0.02989285214165636, 0.11281532072663732, 0.07167658222671472, 0.17344716226153653, 0.10202568971246082, 0.49204857320214324, 0.08249218379073561, 0.09992114325936113, 0.21475058562907906, 0.09981041598505994, 0.0794643402079802, 0.16378669777313706, 0.2112021945821542, 0.24643653255415346, 0.27790949868328124, 0.8194155084554413, 0.24296847531554314, 0.6679582074645137, 0.18824916588797577, 0.35347440269800184, 1.274530316031387, 1.9942146540699193, 2.0511034626692006, 1.6873783679786727, 1.4660056767047327, 1.1243541173822422, 1.2641010016218368, 1.666401367168499, 5.471748299995771, 2.7207148231596197, 1.0926233967581398, 1.6873783679786727]
------------------------------------------------------
YstatLow
[0.00819752096639808, 0.03819319823503015, 0.11248902161434687, 0.008678766969789694, 0.020087668622319445, 0.11053514145874768, 0.03173706640589164, 0.16339568273954966, 0.06915242455062116, 0.3498685769494095, 0.020903177959332164, 0.04910856122085057, 0.16030744031093766, 0.02302112501920753, 0.02989285214165636, 0.11281532072663732, 0.07167658222671472, 0.17344716226153653, 0.10202568971246082, 0.49204857320214324, 0.08249218379073561, 0.09992114325936113, 0.21475058562907906, 0.09981041598505994, 0.0794643402079802, 0.16378669777313706, 0.2112021945821542, 0.24643653255415346, 0.27790949868328124, 0.8194155084554413, 0.24296847531554314, 0.6679582074645137, 0.18824916588797577, 0.35347440269800184, 1.274530316031387, 1.9942146540699193, 2.0511034626692006, 1.6873783679786727, 1.4660056767047327, 1.1243541173822422, 1.2641010016218368, 1.666401367168499, 5.471748299995771, 2.7207148231596197, 1.0926233967581398, 1.6873783679786727]
------------------------------------------------------
YsysUp
[0.30942509996380957, 0.3128193291307466, 0.37106665446409515, 0.3089535432790515, 0.31012334113633605, 0.3316064350583922, 0.31158344254680725, 0.38852097152038084, 0.3273034584669049, 0.5893533554732132, 0.31023529989050974, 0.31356438089601885, 0.3620635211956282, 0.3097633476570099, 0.3107166042611545, 0.33202208129695987, 0.3182767927750167, 0.38385728633376803, 0.37580041029970945, 0.5900116298270496, 0.32762577602313714, 0.331614238026785, 0.4782917012266556, 0.32754827998595676, 0.31991619730592713, 0.38577706100356823, 0.4127923681488559, 0.5896598847030396, 0.6599682061945242, 1.7669290120116674, 0.33931947021483705, 0.34647769311322785, 0.49925608683699085, 0.3407401205292725, 0.3619135188581829, 0.40905768922634833, 0.37646928106403105, 0.6328296196163513, 0.3383864058341808, 0.34515770972869436, 0.49936165794060516, 0.34065587748062065, 0.3616615197368742, 0.4090644650370096, 0.37640416995606085, 0.6328229561710085]
------------------------------------------------------
YsysLow
[0.30942509996380957, 0.3128193291307466, 0.37106665446409515, 0.3089535432790515, 0.31012334113633605, 0.3316064350583922, 0.31158344254680725, 0.38852097152038084, 0.3273034584669049, 0.5893533554732132, 0.31023529989050974, 0.31356438089601885, 0.3620635211956282, 0.3097633476570099, 0.3107166042611545, 0.33202208129695987, 0.3182767927750167, 0.38385728633376803, 0.37580041029970945, 0.5900116298270496, 0.32762577602313714, 0.331614238026785, 0.4782917012266556, 0.32754827998595676, 0.31991619730592713, 0.38577706100356823, 0.4127923681488559, 0.5896598847030396, 0.6599682061945242, 1.7669290120116674, 0.33931947021483705, 0.34647769311322785, 0.49925608683699085, 0.3407401205292725, 0.3619135188581829, 0.40905768922634833, 0.37646928106403105, 0.6349701349625021, 0.3383864058341808, 0.34515770972869436, 0.49936165794060516, 0.34065587748062065, 0.3616615197368742, 0.4090644650370096, 0.37640416995606085, 0.6349634939801945]
------------------------------------------------------