 binIndex : nMCGJ( nMCerr)|nMCEBt |nMCECt |Nobs |nEB| pEB(pEBerr) |nEC| pEC(pECerr) | trigW(trigWsysErr,trigWerr) | SF(SFerr) |ZgR(REr1) |f(fsysErr,+ferrUp-ferrDn) |purity(pErr)| DR(+DRup-DRlow)| Yield(+YstatUp-YstatLow,+YsysUp-YsysLow)
 1 : 38354.315( 0.007)|30475.657 |7878.658 |60849.0 |47133.0| 0.934(0.017) |13716.0| 0.95(0.024) | 1.0(0.02,0.007) | 1.0(0.045) |0.42(0.006) |0.973(0.3,+0.004-0.004) |0.938(0.018)| 1.0(+0.0-0.0)| 23322.865(+0.011-0.011,+0.305-0.305)
 2 : 3041.376( 0.011)|2419.164 |622.211 |3408.0 |2690.0| 0.934(0.017) |718.0| 0.95(0.024) | 1.0(0.02,0.007) | 1.0(0.045) |0.416(0.01) |0.98(0.3,+0.003-0.003) |0.938(0.018)| 1.0(+0.0-0.0)| 1302.273(+0.045-0.045,+0.305-0.305)
 3 : 216.423( 0.033)|175.182 |41.24 |165.0 |137.0| 0.934(0.017) |28.0| 0.95(0.024) | 1.0(0.02,0.007) | 1.0(0.042) |0.479(0.038) |0.976(0.3,+0.001-0.001) |0.937(0.018)| 1.0(+0.0-0.0)| 72.337(+0.178-0.178,+0.307-0.307)
 4 : 34560.624( 0.006)|28517.89 |6042.734 |52069.0 |42122.0| 0.949(0.013) |9947.0| 0.94(0.026) | 1.0(0.02,0.007) | 1.0(0.043) |0.433(0.006) |0.972(0.3,+0.002-0.002) |0.947(0.015)| 1.0(+0.0-0.0)| 20747.821(+0.011-0.011,+0.304-0.304)
 5 : 8372.054( 0.007)|7060.602 |1311.452 |9887.0 |8318.0| 0.949(0.013) |1569.0| 0.94(0.026) | 1.0(0.02,0.007) | 1.0(0.043) |0.421(0.006) |0.98(0.3,+0.002-0.002) |0.948(0.015)| 1.0(+0.0-0.0)| 3865.058(+0.026-0.026,+0.304-0.304)
 6 : 494.457( 0.022)|428.62 |65.837 |443.0 |386.0| 0.949(0.013) |57.0| 0.94(0.026) | 1.0(0.02,0.007) | 1.0(0.042) |0.438(0.026) |0.986(0.3,+0.002-0.002) |0.948(0.014)| 1.0(+0.0-0.0)| 181.443(+0.116-0.116,+0.305-0.305)
 7 : 3392.944( 0.01)|3084.857 |308.087 |4094.0 |3675.0| 0.972(0.007) |419.0| 0.933(0.029) | 1.0(0.02,0.006) | 1.0(0.041) |0.437(0.009) |0.98(0.3,+0.004-0.004) |0.968(0.009)| 1.0(+0.0-0.0)| 1697.042(+0.038-0.038,+0.304-0.304)
 8 : 147.764( 0.04)|137.887 |9.876 |134.0 |118.0| 0.972(0.007) |16.0| 0.933(0.029) | 1.0(0.02,0.007) | 1.0(0.04) |0.41(0.046) |0.988(0.3,+0.001-0.001) |0.967(0.009)| 1.0(+0.0-0.0)| 52.529(+0.22-0.22,+0.307-0.307)
 9 : 604.805( 0.02)|583.383 |21.423 |624.0 |605.0| 0.972(0.007) |19.0| 0.933(0.029) | 1.0(0.02,0.006) | 1.0(0.039) |0.476(0.021) |0.987(0.3,+0.006-0.006) |0.971(0.007)| 1.0(+0.0-0.0)| 284.432(+0.088-0.088,+0.304-0.304)
 10 : 29.985( 0.086)|29.985 |0.0 |18.0 |18.0| 0.972(0.007) |0.0| 0.933(0.029) | 1.0(0.02,0.006) | 1.0(0.037) |0.428(0.101) |0.933(0.3,+0.006-0.006) |0.972(0.007)| 1.0(+0.0-0.0)| 6.984(+0.653-0.653,+0.319-0.319)
 11 : 6518.098( 0.013)|5073.011 |1445.087 |10260.0 |7876.0| 0.934(0.017) |2384.0| 0.95(0.024) | 1.0(0.02,0.007) | 1.0(0.045) |0.431(0.014) |0.908(0.3,+0.008-0.008) |0.938(0.018)| 1.0(+0.0-0.0)| 3761.373(+0.027-0.027,+0.305-0.305)
 12 : 2323.99( 0.012)|1790.963 |533.027 |2804.0 |2114.0| 0.934(0.017) |690.0| 0.95(0.024) | 1.0(0.02,0.007) | 1.0(0.045) |0.413(0.013) |0.95(0.3,+0.005-0.005) |0.938(0.019)| 1.0(+0.0-0.0)| 1031.483(+0.051-0.051,+0.305-0.305)
 13 : 220.712( 0.033)|178.564 |42.148 |207.0 |167.0| 0.934(0.017) |40.0| 0.95(0.024) | 1.0(0.02,0.007) | 1.0(0.044) |0.422(0.039) |0.946(0.3,+0.005-0.005) |0.937(0.018)| 1.0(+0.0-0.0)| 77.463(+0.186-0.186,+0.307-0.307)
 14 : 5541.739( 0.012)|4514.384 |1027.354 |8109.0 |6388.0| 0.949(0.013) |1721.0| 0.94(0.026) | 1.0(0.02,0.007) | 1.0(0.044) |0.423(0.014) |0.928(0.3,+0.004-0.004) |0.947(0.015)| 1.0(+0.0-0.0)| 3018.387(+0.03-0.03,+0.305-0.305)
 15 : 5270.664( 0.009)|4359.084 |911.58 |6536.0 |5342.0| 0.949(0.013) |1194.0| 0.94(0.026) | 1.0(0.02,0.007) | 1.0(0.044) |0.406(0.008) |0.933(0.3,+0.005-0.005) |0.948(0.015)| 1.0(+0.0-0.0)| 2348.288(+0.034-0.034,+0.304-0.304)
 16 : 473.292( 0.023)|406.351 |66.941 |487.0 |419.0| 0.949(0.013) |68.0| 0.94(0.026) | 1.0(0.02,0.007) | 1.0(0.043) |0.417(0.026) |0.963(0.3,+0.004-0.004) |0.948(0.014)| 1.0(+0.0-0.0)| 185.439(+0.119-0.119,+0.305-0.305)
 17 : 1013.737( 0.016)|918.623 |95.114 |1169.0 |1051.0| 0.972(0.007) |118.0| 0.933(0.029) | 1.0(0.02,0.006) | 1.0(0.041) |0.392(0.017) |0.938(0.3,+0.006-0.006) |0.968(0.009)| 1.0(+0.0-0.0)| 415.718(+0.082-0.082,+0.304-0.304)
 18 : 145.463( 0.04)|137.281 |8.182 |137.0 |119.0| 0.972(0.007) |18.0| 0.933(0.029) | 1.0(0.02,0.007) | 1.0(0.042) |0.412(0.046) |0.969(0.3,+0.003-0.003) |0.967(0.01)| 1.0(+0.0-0.0)| 52.89(+0.221-0.221,+0.307-0.307)
 19 : 210.928( 0.033)|202.296 |8.632 |232.0 |227.0| 0.972(0.007) |5.0| 0.933(0.029) | 1.0(0.02,0.006) | 1.0(0.039) |0.418(0.037) |0.951(0.3,+0.013-0.013) |0.971(0.007)| 1.0(+0.0-0.0)| 89.648(+0.17-0.17,+0.306-0.306)
 20 : 24.825( 0.094)|24.825 |0.0 |25.0 |25.0| 0.972(0.007) |0.0| 0.933(0.029) | 1.0(0.02,0.006) | 1.0(0.04) |0.346(0.114) |0.891(0.3,+0.038-0.038) |0.972(0.007)| 1.0(+0.0-0.0)| 7.489(+0.704-0.704,+0.326-0.326)
 21 : 305.719( 0.05)|238.379 |67.34 |548.0 |406.0| 0.934(0.017) |142.0| 0.95(0.024) | 1.0(0.02,0.007) | 1.0(0.045) |0.424(0.062) |0.865(0.3,+0.021-0.021) |0.938(0.019)| 1.0(+0.0-0.0)| 188.41(+0.124-0.124,+0.312-0.312)
 22 : 438.704( 0.027)|327.93 |110.774 |628.0 |453.0| 0.934(0.017) |175.0| 0.95(0.024) | 1.0(0.02,0.008) | 1.0(0.046) |0.397(0.033) |0.9(0.3,+0.021-0.021) |0.939(0.019)| 1.0(+0.0-0.0)| 210.407(+0.119-0.119,+0.307-0.307)
 23 : 62.636( 0.06)|47.945 |14.691 |82.0 |62.0| 0.934(0.017) |20.0| 0.95(0.024) | 1.0(0.02,0.007) | 1.0(0.047) |0.442(0.072) |0.929(0.3,+0.027-0.027) |0.938(0.019)| 1.0(+0.0-0.0)| 31.566(+0.287-0.287,+0.314-0.314)
 24 : 230.727( 0.053)|182.177 |48.55 |377.0 |306.0| 0.949(0.013) |71.0| 0.94(0.026) | 1.0(0.02,0.007) | 1.0(0.047) |0.397(0.068) |0.881(0.3,+0.012-0.012) |0.947(0.015)| 1.0(+0.0-0.0)| 124.973(+0.155-0.155,+0.312-0.312)
 25 : 778.451( 0.02)|628.009 |150.442 |1153.0 |923.0| 0.949(0.013) |230.0| 0.94(0.026) | 1.0(0.02,0.007) | 1.0(0.044) |0.406(0.023) |0.888(0.3,+0.011-0.011) |0.947(0.015)| 1.0(+0.0-0.0)| 393.557(+0.086-0.086,+0.305-0.305)
 26 : 148.897( 0.04)|126.129 |22.768 |184.0 |155.0| 0.949(0.013) |29.0| 0.94(0.026) | 1.0(0.02,0.007) | 1.0(0.044) |0.399(0.047) |0.939(0.3,+0.014-0.014) |0.948(0.015)| 1.0(+0.0-0.0)| 65.405(+0.207-0.207,+0.308-0.308)
 27 : 103.14( 0.048)|92.702 |10.437 |161.0 |143.0| 0.972(0.007) |18.0| 0.933(0.029) | 1.0(0.02,0.006) | 1.0(0.041) |0.356(0.054) |0.878(0.3,+0.016-0.016) |0.968(0.009)| 1.0(+0.0-0.0)| 48.695(+0.261-0.261,+0.309-0.309)
 28 : 43.61( 0.071)|40.739 |2.87 |52.0 |46.0| 0.972(0.007) |6.0| 0.933(0.029) | 1.0(0.02,0.006) | 1.0(0.04) |0.397(0.085) |0.95(0.3,+0.011-0.011) |0.967(0.009)| 1.0(+0.0-0.0)| 18.97(+0.38-0.38,+0.315-0.315)
 29 : 29.06( 0.088)|28.227 |0.833 |33.0 |33.0| 0.972(0.007) |0.0| 0.933(0.029) | 1.0(0.02,0.006) | 1.0(0.038) |0.345(0.105) |0.895(0.3,+0.033-0.033) |0.972(0.007)| 1.0(+0.0-0.0)| 9.909(+0.604-0.604,+0.322-0.322)
 30 : 9.088( 0.154)|8.88 |0.208 |9.0 |9.0| 0.972(0.007) |0.0| 0.933(0.029) | 1.0(0.02,0.006) | 1.0(0.037) |0.314(0.194) |0.851(0.3,+0.065-0.065) |0.972(0.007)| 1.0(+0.0-0.0)| 2.334(+1.471-1.471,+0.366-0.366)
 31 : 40.149( 0.089)|30.373 |9.776 |50.0 |37.0| 0.934(0.017) |13.0| 0.95(0.024) | 1.0(0.02,0.007) | 1.0(0.045) |0.397(0.033) |0.773(0.3,+0.108-0.108) |0.938(0.019)| 1.0(+0.0-0.0)| 14.383(+0.492-0.492,+0.325-0.325)
 32 : 9.331( 0.151)|7.138 |2.192 |13.0 |6.0| 0.934(0.017) |7.0| 0.95(0.024) | 1.0(0.02,0.009) | 1.0(0.044) |0.442(0.072) |0.911(0.3,+0.032-0.032) |0.943(0.021)| 1.0(+0.0-0.0)| 4.928(+0.732-0.732,+0.315-0.315)
 33 : 47.879( 0.077)|39.319 |8.56 |93.0 |72.0| 0.949(0.013) |21.0| 0.94(0.026) | 1.0(0.02,0.007) | 1.0(0.046) |0.406(0.023) |0.858(0.3,+0.024-0.024) |0.947(0.016)| 1.0(+0.0-0.0)| 30.676(+0.314-0.314,+0.307-0.307)
 34 : 23.139( 0.097)|19.284 |3.855 |39.0 |30.0| 0.949(0.013) |9.0| 0.94(0.026) | 1.0(0.02,0.007) | 1.0(0.046) |0.399(0.047) |0.955(0.3,+0.028-0.028) |0.947(0.016)| 1.0(+0.0-0.0)| 14.095(+0.443-0.443,+0.31-0.31)
 35 : 5.513( 0.198)|5.309 |0.204 |11.0 |11.0| 0.972(0.007) |0.0| 0.933(0.029) | 1.0(0.02,0.006) | 1.0(0.044) |0.356(0.054) |0.899(0.3,+0.029-0.029) |0.972(0.007)| 1.0(+0.0-0.0)| 3.422(+1.085-1.085,+0.31-0.31)
 36 : 7.771( 0.17)|6.535 |1.237 |13.0 |12.0| 0.972(0.007) |1.0| 0.933(0.029) | 1.0(0.02,0.006) | 1.0(0.038) |0.397(0.085) |0.879(0.3,+0.063-0.063) |0.969(0.008)| 1.0(+0.0-0.0)| 4.395(+0.82-0.82,+0.321-0.321)
 37 : 0.848( 0.502)|0.848 |0.0 |3.0 |3.0| 0.972(0.007) |0.0| 0.933(0.029) | 1.0(0.02,0.006) | 1.0(0.038) |0.345(0.105) |0.893(0.3,+0.097-0.097) |0.972(0.007)| 1.0(+0.0-0.0)| 0.898(+2.68-2.68,+0.335-0.335)
 38 : 1.052( 0.448)|1.052 |0.0 |2.0 |1.0| 0.972(0.007) |1.0| 0.933(0.029) | 1.0(0.02,0.009) | 1.0(0.028) |0.314(0.194) |0.851(0.3,+0.065-0.065) |0.953(0.018)| 1.0(+0.0-0.0)| 0.508(+2.782-2.782,+0.365-0.365)
 39 : 1.25( 0.41)|1.25 |0.0 |2.0 |1.0| 0.934(0.017) |1.0| 0.95(0.024) | 1.0(0.02,0.009) | 1.0(0.045) |0.397(0.033) |0.773(0.3,+0.108-0.108) |0.942(0.02)| 1.0(+0.0-0.0)| 0.578(+2.448-2.448,+0.325-0.325)
 40 : 0.828( 0.502)|0.629 |0.199 |1.0 |1.0| 0.934(0.017) |0.0| 0.95(0.024) | 1.0(0.02,0.006) | 1.0(0.039) |0.442(0.072) |0.911(0.3,+0.032-0.032) |0.934(0.017)| 1.0(+0.0-0.0)| 0.376(+5.181-5.181,+0.314-0.314)
 41 : 1.472( 0.379)|1.276 |0.197 |4.0 |4.0| 0.949(0.013) |0.0| 0.94(0.026) | 1.0(0.02,0.006) | 1.0(0.034) |0.406(0.023) |0.858(0.3,+0.024-0.024) |0.949(0.013)| 1.0(+0.0-0.0)| 1.322(+1.97-1.97,+0.305-0.305)
 42 : 1.048( 0.449)|0.842 |0.206 |5.0 |5.0| 0.949(0.013) |0.0| 0.94(0.026) | 1.0(0.02,0.006) | 1.0(0.035) |0.399(0.047) |0.955(0.3,+0.028-0.028) |0.949(0.013)| 1.0(+0.0-0.0)| 1.811(+1.541-1.541,+0.308-0.308)
 43 : 0.639( 0.579)|0.639 |0.0 |0.0 |0.0| 0.972(0.007) |0.0| 0.933(0.029) | 1.0(0.02,0.0) | 1.0(0.04) |0.356(0.054) |0.899(0.3,+0.029-0.029) |1.0(0.0)| 1.0(+0.0-0.0)| 0.0(+0.841-0.841,+0.309-0.309)
 44 : 1.268( 0.41)|1.064 |0.204 |1.0 |0.0| 0.972(0.007) |1.0| 0.933(0.029) | 1.0(0.02,0.012) | 1.0(0.038) |0.397(0.085) |0.879(0.3,+0.063-0.063) |0.933(0.029)| 1.0(+0.0-0.0)| 0.326(+5.976-5.976,+0.322-0.322)
 45 : 0.213( 1.0)|0.213 |0.0 |0.0 |0.0| 0.972(0.007) |0.0| 0.933(0.029) | 1.0(0.02,0.0) | 1.0(0.0) |0.345(0.105) |0.893(0.3,+0.097-0.097) |1.0(0.0)| 1.0(+0.0-0.0)| 0.0(+0.815-0.815,+0.333-0.333)
 46 : 0.0( 1.67)|0.0 |0.0 |0.0 |0.0| 0.972(0.007) |0.0| 0.933(0.029) | 1.0(0.02,0.0) | 1.0(0.026) |0.314(0.194) |0.967(0.3,+0.002-0.002) |1.0(0.0)| 1.0(+0.0-0.0)| 0.0(+0.741-0.741,+0.359-0.359)

binIndex
[1, 2, 3, 4, 5, 6, 7, 8, 9, 10, 11, 12, 13, 14, 15, 16, 17, 18, 19, 20, 21, 22, 23, 24, 25, 26, 27, 28, 29, 30, 31, 32, 33, 34, 35, 36, 37, 38, 39, 40, 41, 42, 43, 44, 45, 46]
------------------------------------------------------
nMCGJ
[38354.314903222024, 3041.375633575022, 216.42254216969013, 34560.62425990403, 8372.054478444159, 494.45715506374836, 3392.943651109934, 147.76377402245998, 604.8054763823748, 29.98473510146141, 6518.098350808024, 2323.990294955671, 220.7121256813407, 5541.738507375121, 5270.664310887456, 473.29162979125977, 1013.7370709478855, 145.46273192763329, 210.92766797542572, 24.824749797582626, 305.71926395595074, 438.70365070551634, 62.63603499531746, 230.7272553741932, 778.4510949254036, 148.89692904055119, 103.13982431590557, 43.60978327691555, 29.059620767831802, 9.088094726204872, 40.14900220185518, 9.330581650137901, 47.878610134124756, 23.138736695051193, 5.513106539845467, 7.771408066153526, 0.8483048975467682, 1.0519407540559769, 1.2500340193510056, 0.8278266936540604, 1.4721646010875702, 1.0476052463054657, 0.6390769481658936, 1.2677081376314163, 0.21266812086105347, 0.0]
------------------------------------------------------
nMCerr
[0.007061334236129216, 0.010701965715992762, 0.03281556071691778, 0.006279942317287107, 0.007216979269345038, 0.022423465264923045, 0.009776957736277628, 0.03963332250307119, 0.020298657090154205, 0.08619380599907916, 0.01289307787018026, 0.01232219406869469, 0.032662337851855586, 0.01229361402456577, 0.00875004654204102, 0.02302772485647661, 0.016347493514763493, 0.040071147843225706, 0.03332262029767899, 0.0940248628826835, 0.050247715526147554, 0.027079321495030485, 0.05974960769703794, 0.05256949279452282, 0.0203009672268098, 0.039834335247765834, 0.048138323938168824, 0.07143653755952296, 0.08751852387263945, 0.15390640162962388, 0.08918474980916724, 0.15111453069424474, 0.07680201494955423, 0.0971076960556269, 0.19807860148885062, 0.17009798648871485, 0.5015250081652736, 0.4480717644155735, 0.4103226767337979, 0.5016845446932373, 0.37932753419710635, 0.4485245960357986, 0.5789914203009126, 0.4097643870609068, 1.0, 1.670195753773587]
------------------------------------------------------
nMCEBt
[30475.656775787473, 2419.164395585656, 175.18227070569992, 28517.890063107014, 7060.602198749781, 428.61983838677406, 3084.8570288568735, 137.88745921850204, 583.3827031105757, 29.98473510146141, 5073.011480256915, 1790.9631514549255, 178.56413255631924, 4514.384238451719, 4359.0838322639465, 406.35089571774006, 918.6230445802212, 137.28086660802364, 202.29580481350422, 24.824749797582626, 238.37882329523563, 327.92955672740936, 47.9451689273119, 182.17709742486477, 628.0090157538652, 126.12894263863564, 92.70246137678623, 40.73938110470772, 28.2269626557827, 8.879930198192596, 30.372925326228142, 7.138213932514191, 39.31902398169041, 19.28399907052517, 5.309015050530434, 6.534894689917564, 0.8483048975467682, 1.0519407540559769, 1.2500340193510056, 0.6287123262882233, 1.275520220398903, 0.8418135195970535, 0.6390769481658936, 1.0636166483163834, 0.21266812086105347, 0.0]
------------------------------------------------------
nMCECt
[7878.658127434552, 622.211237989366, 41.24027146399021, 6042.734196797013, 1311.4522796943784, 65.8373166769743, 308.08662225306034, 9.87631480395794, 21.422773271799088, 0.0, 1445.0868705511093, 533.0271435007453, 42.14799312502146, 1027.3542689234018, 911.5804786235094, 66.9407340735197, 95.11402636766434, 8.181865319609642, 8.631863161921501, 0.0, 67.3404406607151, 110.77409397810698, 14.690866068005562, 48.55015794932842, 150.44207917153835, 22.76798640191555, 10.437362939119339, 2.8704021722078323, 0.8326581120491028, 0.2081645280122757, 9.77607687562704, 2.1923677176237106, 8.559586152434349, 3.854737624526024, 0.20409148931503296, 1.236513376235962, 0.0, 0.0, 0.0, 0.1991143673658371, 0.1966443806886673, 0.20579172670841217, 0.0, 0.20409148931503296, 0.0, 0.0]
------------------------------------------------------
Nobs
[60849.0, 3408.0, 165.0, 52069.0, 9887.0, 443.0, 4094.0, 134.0, 624.0, 18.0, 10260.0, 2804.0, 207.0, 8109.0, 6536.0, 487.0, 1169.0, 137.0, 232.0, 25.0, 548.0, 628.0, 82.0, 377.0, 1153.0, 184.0, 161.0, 52.0, 33.0, 9.0, 50.0, 13.0, 93.0, 39.0, 11.0, 13.0, 3.0, 2.0, 2.0, 1.0, 4.0, 5.0, 0.0, 1.0, 0.0, 0.0]
------------------------------------------------------
nEB
[47133.0, 2690.0, 137.0, 42122.0, 8318.0, 386.0, 3675.0, 118.0, 605.0, 18.0, 7876.0, 2114.0, 167.0, 6388.0, 5342.0, 419.0, 1051.0, 119.0, 227.0, 25.0, 406.0, 453.0, 62.0, 306.0, 923.0, 155.0, 143.0, 46.0, 33.0, 9.0, 37.0, 6.0, 72.0, 30.0, 11.0, 12.0, 3.0, 1.0, 1.0, 1.0, 4.0, 5.0, 0.0, 0.0, 0.0, 0.0]
------------------------------------------------------
pEB
[0.9343408542576667, 0.9343408542576667, 0.9343408542576667, 0.9492861356343334, 0.9492861356343334, 0.9492861356343334, 0.9718661961480001, 0.9718661961480001, 0.9718661961480001, 0.9718661961480001, 0.9343408542576667, 0.9343408542576667, 0.9343408542576667, 0.9492861356343334, 0.9492861356343334, 0.9492861356343334, 0.9718661961480001, 0.9718661961480001, 0.9718661961480001, 0.9718661961480001, 0.9343408542576667, 0.9343408542576667, 0.9343408542576667, 0.9492861356343334, 0.9492861356343334, 0.9492861356343334, 0.9718661961480001, 0.9718661961480001, 0.9718661961480001, 0.9718661961480001, 0.9343408542576667, 0.9343408542576667, 0.9492861356343334, 0.9492861356343334, 0.9718661961480001, 0.9718661961480001, 0.9718661961480001, 0.9718661961480001, 0.9343408542576667, 0.9343408542576667, 0.9492861356343334, 0.9492861356343334, 0.9718661961480001, 0.9718661961480001, 0.9718661961480001, 0.9718661961480001]
------------------------------------------------------
pEBerr
[0.016860537284168635, 0.016860537284168635, 0.016860537284168635, 0.012583949569308951, 0.012583949569308951, 0.012583949569308951, 0.006815914602498574, 0.006815914602498574, 0.006815914602498574, 0.006815914602498574, 0.016860537284168635, 0.016860537284168635, 0.016860537284168635, 0.012583949569308951, 0.012583949569308951, 0.012583949569308951, 0.006815914602498574, 0.006815914602498574, 0.006815914602498574, 0.006815914602498574, 0.016860537284168635, 0.016860537284168635, 0.016860537284168635, 0.012583949569308951, 0.012583949569308951, 0.012583949569308951, 0.006815914602498574, 0.006815914602498574, 0.006815914602498574, 0.006815914602498574, 0.016860537284168635, 0.016860537284168635, 0.012583949569308951, 0.012583949569308951, 0.006815914602498574, 0.006815914602498574, 0.006815914602498574, 0.006815914602498574, 0.016860537284168635, 0.016860537284168635, 0.012583949569308951, 0.012583949569308951, 0.006815914602498574, 0.006815914602498574, 0.006815914602498574, 0.006815914602498574]
------------------------------------------------------
nEC
[13716.0, 718.0, 28.0, 9947.0, 1569.0, 57.0, 419.0, 16.0, 19.0, 0.0, 2384.0, 690.0, 40.0, 1721.0, 1194.0, 68.0, 118.0, 18.0, 5.0, 0.0, 142.0, 175.0, 20.0, 71.0, 230.0, 29.0, 18.0, 6.0, 0.0, 0.0, 13.0, 7.0, 21.0, 9.0, 0.0, 1.0, 0.0, 1.0, 1.0, 0.0, 0.0, 0.0, 0.0, 1.0, 0.0, 0.0]
------------------------------------------------------
pEC
[0.9498724011163334, 0.9498724011163334, 0.9498724011163334, 0.939690691016, 0.939690691016, 0.939690691016, 0.933428825701, 0.933428825701, 0.933428825701, 0.933428825701, 0.9498724011163334, 0.9498724011163334, 0.9498724011163334, 0.939690691016, 0.939690691016, 0.939690691016, 0.933428825701, 0.933428825701, 0.933428825701, 0.933428825701, 0.9498724011163334, 0.9498724011163334, 0.9498724011163334, 0.939690691016, 0.939690691016, 0.939690691016, 0.933428825701, 0.933428825701, 0.933428825701, 0.933428825701, 0.9498724011163334, 0.9498724011163334, 0.939690691016, 0.939690691016, 0.933428825701, 0.933428825701, 0.933428825701, 0.933428825701, 0.9498724011163334, 0.9498724011163334, 0.939690691016, 0.939690691016, 0.933428825701, 0.933428825701, 0.933428825701, 0.933428825701]
------------------------------------------------------
pECerr
[0.023577178219951842, 0.023577178219951842, 0.023577178219951842, 0.026210113852857774, 0.026210113852857774, 0.026210113852857774, 0.028851362033709627, 0.028851362033709627, 0.028851362033709627, 0.028851362033709627, 0.023577178219951842, 0.023577178219951842, 0.023577178219951842, 0.026210113852857774, 0.026210113852857774, 0.026210113852857774, 0.028851362033709627, 0.028851362033709627, 0.028851362033709627, 0.028851362033709627, 0.023577178219951842, 0.023577178219951842, 0.023577178219951842, 0.026210113852857774, 0.026210113852857774, 0.026210113852857774, 0.028851362033709627, 0.028851362033709627, 0.028851362033709627, 0.028851362033709627, 0.023577178219951842, 0.023577178219951842, 0.026210113852857774, 0.026210113852857774, 0.028851362033709627, 0.028851362033709627, 0.028851362033709627, 0.028851362033709627, 0.023577178219951842, 0.023577178219951842, 0.026210113852857774, 0.026210113852857774, 0.028851362033709627, 0.028851362033709627, 0.028851362033709627, 0.028851362033709627]
------------------------------------------------------
trigW
[1.0, 1.0, 1.0, 1.0, 1.0, 1.0, 1.0, 1.0, 1.0, 1.0, 1.0, 1.0, 1.0, 1.0, 1.0, 1.0, 1.0, 1.0, 1.0, 1.0, 1.0, 1.0, 1.0, 1.0, 1.0, 1.0, 1.0, 1.0, 1.0, 1.0, 1.0, 1.0, 1.0, 1.0, 1.0, 1.0, 1.0, 1.0, 1.0, 1.0, 1.0, 1.0, 1.0, 1.0, 1.0, 1.0]
------------------------------------------------------
trigWsysErr
[0.02, 0.02, 0.02, 0.02, 0.02, 0.02, 0.02, 0.02, 0.02, 0.02, 0.02, 0.02, 0.02, 0.02, 0.02, 0.02, 0.02, 0.02, 0.02, 0.02, 0.02, 0.02, 0.02, 0.02, 0.02, 0.02, 0.02, 0.02, 0.02, 0.02, 0.02, 0.02, 0.02, 0.02, 0.02, 0.02, 0.02, 0.02, 0.02, 0.02, 0.02, 0.02, 0.02, 0.02, 0.02, 0.02]
------------------------------------------------------
trigWerr
[0.007214486046442835, 0.007117355223004695, 0.006847099151515151, 0.006987806638498914, 0.006774538094467483, 0.0065765462302483065, 0.006402964753297508, 0.006515449552238806, 0.0059288655448717946, 0.00572808, 0.007260304218323587, 0.007350766091298146, 0.00700232541062802, 0.0071275932100135645, 0.006932715660954712, 0.006648833511293635, 0.006393706997433704, 0.006594473868613139, 0.005870196810344828, 0.00572808, 0.007436801240875911, 0.007565641305732483, 0.007336426341463415, 0.006969962281167109, 0.007043492489158716, 0.006767386413043478, 0.00646532198757764, 0.006488951538461538, 0.00572808, 0.00572808, 0.0074425772, 0.009278813846153847, 0.0072170974193548395, 0.007249823076923077, 0.00572808, 0.006235327692307692, 0.00572808, 0.009025189999999999, 0.009025189999999999, 0.00572808, 0.00572808, 0.00572808, 0.0, 0.0123223, 0.0, 0.0]
------------------------------------------------------
SF
[1.0, 1.0, 1.0, 1.0, 1.0, 1.0, 1.0, 1.0, 1.0, 1.0, 1.0, 1.0, 1.0, 1.0, 1.0, 1.0, 1.0, 1.0, 1.0, 1.0, 1.0, 1.0, 1.0, 1.0, 1.0, 1.0, 1.0, 1.0, 1.0, 1.0, 1.0, 1.0, 1.0, 1.0, 1.0, 1.0, 1.0, 1.0, 1.0, 1.0, 1.0, 1.0, 1.0, 1.0, 1.0, 1.0, 1.0, 1.0, 1.0, 1.0, 1.0, 1.0, 1.0, 1.0, 1.0, 1.0, 1.0, 1.0, 1.0, 1.0, 1.0, 1.0, 1.0, 1.0, 1.0, 1.0, 1.0, 1.0, 1.0, 1.0, 1.0, 1.0, 1.0, 1.0, 1.0, 1.0, 1.0, 1.0, 1.0, 1.0, 1.0, 1.0, 1.0, 1.0, 1.0, 1.0, 1.0, 1.0, 1.0, 1.0, 1.0, 1.0]
------------------------------------------------------
SFerr
[0.04454080061187667, 0.04460734652202276, 0.04238537397219602, 0.04339923225596674, 0.04314347553946269, 0.04205812679466254, 0.04085592526505195, 0.0401465128076089, 0.03911060773945404, 0.03701977927074296, 0.044902896047285264, 0.04515968510963324, 0.044030421003113974, 0.043858885956416904, 0.04372706805650269, 0.043163400637689024, 0.04097723090047982, 0.04158425748915911, 0.039044116469522265, 0.039514872280300505, 0.04470163413860873, 0.04592439805739775, 0.04654075401308581, 0.046729916016191544, 0.04396432841612808, 0.04430942193835848, 0.04090270517678356, 0.039996428778039196, 0.03799810477110838, 0.03714480724850359, 0.04491768878742036, 0.044202285961330204, 0.04646512161486175, 0.045960739206037264, 0.043947545164788944, 0.03833375553014537, 0.03751330027339971, 0.02823451355278569, 0.04450892194176695, 0.03878319582712136, 0.0341748966255985, 0.03504989843505398, 0.03997003552914712, 0.03753013495064124, 0.0, 0.02557060662793415]
------------------------------------------------------
ZgR
[0.4201983263503993, 0.41576055593938815, 0.4792136664629152, 0.43285837832982954, 0.42083636415628495, 0.43803831346189487, 0.4367846740388236, 0.4103290026169093, 0.47575731274385497, 0.42802990298136634, 0.4306468375093525, 0.41260188711009116, 0.4220624282375526, 0.4234249971086199, 0.4064011896669472, 0.417196591066026, 0.39163700466424756, 0.4119048135740434, 0.4183839668355177, 0.3461245970361424, 0.42353942657969285, 0.3965489519895067, 0.4416216855704361, 0.3970612148031089, 0.40567624049073997, 0.3994951523312807, 0.35594579669840004, 0.39678855817045006, 0.3450302803033035, 0.3136687013761911, 0.3965489519895067, 0.4416216855704361, 0.40567624049073997, 0.3994951523312807, 0.35594579669840004, 0.39678855817045006, 0.3450302803033035, 0.3136687013761911, 0.3965489519895067, 0.4416216855704361, 0.40567624049073997, 0.3994951523312807, 0.35594579669840004, 0.39678855817045006, 0.3450302803033035, 0.3136687013761911]
------------------------------------------------------
REr1
[0.0061070174722197505, 0.010479863139049795, 0.0384626400081598, 0.005627152748560035, 0.0063921035766673455, 0.025533356108261178, 0.009277710937605902, 0.04615359405586472, 0.02146073462858934, 0.10059815642030924, 0.013710887194423076, 0.012830314962172892, 0.038887970844020715, 0.013680301246427908, 0.008359495691715306, 0.026283897557390697, 0.016931635383676705, 0.04648110352112023, 0.03721964529273257, 0.11414834732378648, 0.062406734986639484, 0.03277714140172288, 0.0718803127608592, 0.06804539349194864, 0.02311908265376459, 0.04710983511829787, 0.054203494220373516, 0.08480800349050238, 0.10464087807645034, 0.19388812963853025, 0.03277714140172288, 0.0718803127608592, 0.02311908265376459, 0.04710983511829787, 0.054203494220373516, 0.08480800349050238, 0.10464087807645034, 0.19388812963853025, 0.03277714140172288, 0.0718803127608592, 0.02311908265376459, 0.04710983511829787, 0.054203494220373516, 0.08480800349050238, 0.10464087807645034, 0.19388812963853025]
------------------------------------------------------
f
[0.972623016683, 0.980247218149, 0.976385796318, 0.971604956443, 0.980117806052, 0.986261616817, 0.980465385921, 0.987674893849, 0.987019258, 0.9327849345, 0.907607877202, 0.950330837233, 0.945909675462, 0.928039958782, 0.933017544812, 0.962827005639, 0.938060873667, 0.969416300773, 0.951137865027, 0.890546150898, 0.865083474782, 0.900100821186, 0.929171599497, 0.881146465829, 0.888132638329, 0.938802522176, 0.878205099289, 0.950368331299, 0.895465042805, 0.850674480001, 0.773058774263, 0.910582821779, 0.858479873744, 0.955198514846, 0.899395869929, 0.879408796982, 0.892549979777, 0.850674480001, 0.773058774263, 0.910582821779, 0.858479873744, 0.955198514846, 0.899395869929, 0.879408796982, 0.892549979777, 0.967403988273]
------------------------------------------------------
fsysErr
[0.3, 0.3, 0.3, 0.3, 0.3, 0.3, 0.3, 0.3, 0.3, 0.3, 0.3, 0.3, 0.3, 0.3, 0.3, 0.3, 0.3, 0.3, 0.3, 0.3, 0.3, 0.3, 0.3, 0.3, 0.3, 0.3, 0.3, 0.3, 0.3, 0.3, 0.3, 0.3, 0.3, 0.3, 0.3, 0.3, 0.3, 0.3, 0.3, 0.3, 0.3, 0.3, 0.3, 0.3, 0.3, 0.3]
------------------------------------------------------
ferrUp
[0.0037090960713464004, 0.0034780607218328967, 0.0013879267249179024, 0.0018844041323161065, 0.0022252202425187737, 0.001520573318365552, 0.0037201748652796337, 0.0014121367478773159, 0.005657894555072603, 0.0058561224311133005, 0.00750460457627129, 0.005271955543247971, 0.005074476593693359, 0.003796406495334558, 0.005088507660096187, 0.004015259594265586, 0.006479589262516991, 0.003474481831339359, 0.012670192788989537, 0.03804035935435772, 0.021240902520338303, 0.021274828323640516, 0.026948563571309248, 0.011887645783434132, 0.010876814791217625, 0.014126829584415707, 0.0161245929451612, 0.011498275198694532, 0.03281739930265418, 0.06452814198979552, 0.10825328080142764, 0.03185804214966909, 0.023888862901421438, 0.02779153760910097, 0.02873151274892994, 0.06311341673096323, 0.09677525045855793, 0.06452814198979552, 0.10825328080142764, 0.03185804214966909, 0.023888862901421438, 0.02779153760910097, 0.02873151274892994, 0.06311341673096323, 0.09677525045855793, 0.0019457421049610272]
------------------------------------------------------
ferrDn
[0.0037090960713464004, 0.0034780607218328967, 0.0013879267249179024, 0.0018844041323161065, 0.0022252202425187737, 0.001520573318365552, 0.0037201748652796337, 0.0014121367478773159, 0.005657894555072603, 0.0058561224311133005, 0.00750460457627129, 0.005271955543247971, 0.005074476593693359, 0.003796406495334558, 0.005088507660096187, 0.004015259594265586, 0.006479589262516991, 0.003474481831339359, 0.012670192788989537, 0.03804035935435772, 0.021240902520338303, 0.021274828323640516, 0.026948563571309248, 0.011887645783434132, 0.010876814791217625, 0.014126829584415707, 0.0161245929451612, 0.011498275198694532, 0.03281739930265418, 0.06452814198979552, 0.10825328080142764, 0.03185804214966909, 0.023888862901421438, 0.02779153760910097, 0.02873151274892994, 0.06311341673096323, 0.09677525045855793, 0.06452814198979552, 0.10825328080142764, 0.03185804214966909, 0.023888862901421438, 0.02779153760910097, 0.02873151274892994, 0.06311341673096323, 0.09677525045855793, 0.0019457421049610272]
------------------------------------------------------
purity
[0.9378418271037854, 0.9376130522167402, 0.936976510694289, 0.9474530701324309, 0.9477634035006057, 0.9480515073200105, 0.9679323275067463, 0.967276659378209, 0.9706958274965689, 0.9718661961480001, 0.9379497438981209, 0.9381628112236011, 0.9373421193511288, 0.9472496625564999, 0.9475332346437749, 0.947946319958673, 0.9679862904912456, 0.9668160306878102, 0.9710378045435387, 0.9718661961480001, 0.9383654521662993, 0.9386689126975818, 0.938129036418317, 0.9474790359847268, 0.9473720400036164, 0.9477738101238351, 0.9675688503837393, 0.967431114942577, 0.9718661961480002, 0.9718661961480001, 0.9383790564409199, 0.9427039948738719, 0.9471194223334193, 0.9470718022608718, 0.971866196148, 0.9689094753443848, 0.9718661961480001, 0.9526475109245001, 0.942106627687, 0.9343408542576667, 0.9492861356343334, 0.9492861356343333, 1.0, 0.933428825701, 1.0, 1.0]
------------------------------------------------------
pErr
[0.01839395979437458, 0.018294106330255588, 0.01801601822091364, 0.015165696793687155, 0.014727911253784804, 0.014321741361485717, 0.008990739376346524, 0.009354942997333417, 0.007461106537772004, 0.006815914602498574, 0.01844104537149009, 0.018533977760281456, 0.01817578911415383, 0.015452798344029718, 0.015052581697133366, 0.014470006300386952, 0.008960786561041984, 0.009611103591875253, 0.007272423201962943, 0.006815914602498574, 0.018622323376139806, 0.018754552097336015, 0.018519249206968038, 0.015129055917905568, 0.015280052762845112, 0.014713235656939966, 0.009192578846565694, 0.009269103199099859, 0.006815914602498574, 0.006815914602498574, 0.018628253081343065, 0.020504691450074188, 0.015636691899470565, 0.015703942007118585, 0.006815914602498575, 0.0084488782862874, 0.006815914602498574, 0.017611367056654812, 0.020246540346673513, 0.016860537284168635, 0.012583949569308951, 0.012583949569308951, 0.0, 0.028851362033709627, 0.0, 0.0]
------------------------------------------------------
DR
[1.0, 1.0, 1.0, 1.0, 1.0, 1.0, 1.0, 1.0, 1.0, 1.0, 1.0, 1.0, 1.0, 1.0, 1.0, 1.0, 1.0, 1.0, 1.0, 1.0, 1.0, 1.0, 1.0, 1.0, 1.0, 1.0, 1.0, 1.0, 1.0, 1.0, 1.0, 1.0, 1.0, 1.0, 1.0, 1.0, 1.0, 1.0, 1.0, 1.0, 1.0, 1.0, 1.0, 1.0, 1.0, 1.0]
------------------------------------------------------
DRup
[0.0, 0.0, 0.0, 0.0, 0.0, 0.0, 0.0, 0.0, 0.0, 0.0, 0.0, 0.0, 0.0, 0.0, 0.0, 0.0, 0.0, 0.0, 0.0, 0.0, 0.0, 0.0, 0.0, 0.0, 0.0, 0.0, 0.0, 0.0, 0.0, 0.0, 0.0, 0.0, 0.0, 0.0, 0.0, 0.0, 0.0, 0.0, 0.0, 0.0, 0.0, 0.0, 0.0, 0.0, 0.0, 0.0]
------------------------------------------------------
DRlow
[0.0, 0.0, 0.0, 0.0, 0.0, 0.0, 0.0, 0.0, 0.0, 0.0, 0.0, 0.0, 0.0, 0.0, 0.0, 0.0, 0.0, 0.0, 0.0, 0.0, 0.0, 0.0, 0.0, 0.0, 0.0, 0.0, 0.0, 0.0, 0.0, 0.0, 0.0, 0.0, 0.0, 0.0, 0.0, 0.0, 0.0, 0.0, 0.0, 0.0, 0.0, 0.0, 0.0, 0.0, 0.0, 0.0]
------------------------------------------------------
Yield
[23322.86532247633, 1302.2732910997704, 72.3374667606072, 20747.821075661166, 3865.0579359223, 181.4428626066249, 1697.0416087720669, 52.52931477064866, 284.43225952630036, 6.984488643315132, 3761.3733980100938, 1031.483427427978, 77.46309390603773, 3018.3870506448975, 2348.287553962474, 185.43927481431217, 415.7176465061041, 52.88975987533796, 89.64841752789742, 7.489199148964889, 188.41020788548033, 210.40693160525566, 31.566232323464405, 124.97309642075388, 393.5566668063601, 65.40459911794271, 48.695359643761606, 18.97031276815997, 9.908918672686788, 2.3339071592565928, 14.38326992767762, 4.9282024904570365, 30.675904852477014, 14.094597090470252, 3.422424840890169, 4.395178335288412, 0.8978783230599878, 0.5083897933931628, 0.5776162131354791, 0.37572940343186845, 1.3224121177536206, 1.8112245437957022, 0.0, 0.3257100464016743, 0.0, 0.0]
------------------------------------------------------
YstatUp
[0.010576569273001723, 0.04482782414127942, 0.17757371323459525, 0.010998086331134258, 0.025726236563894604, 0.11600106434322036, 0.037703479255575184, 0.2203690825462348, 0.08782404652410318, 0.6528014938304865, 0.02692943437904672, 0.05133655836966151, 0.1857335389597284, 0.029833810113776515, 0.03442744121741527, 0.1190043291142697, 0.08224486567244021, 0.22130370677249808, 0.16990312413476744, 0.7038827120417541, 0.1242469826033416, 0.11910219868278034, 0.2868693686767996, 0.15536534178185862, 0.08627945238037713, 0.2073961181504939, 0.26057056839244563, 0.3801256541764135, 0.603737165089345, 1.4711368214655764, 0.49161754228492033, 0.731615894932437, 0.3143721695372989, 0.44307744012213124, 1.0850028814396202, 0.8203424299112979, 2.679665204352659, 2.78175050080011, 2.4483619576678906, 5.180615834397074, 1.970302396659742, 1.5408691826993761, 0.8406502331781582, 5.9762040451991965, 0.8148706580633185, 0.7408028677355367]
------------------------------------------------------
YstatLow
[0.010576569273001723, 0.04482782414127942, 0.17757371323459525, 0.010998086331134258, 0.025726236563894604, 0.11600106434322036, 0.037703479255575184, 0.2203690825462348, 0.08782404652410318, 0.6528014938304865, 0.02692943437904672, 0.05133655836966151, 0.1857335389597284, 0.029833810113776515, 0.03442744121741527, 0.1190043291142697, 0.08224486567244021, 0.22130370677249808, 0.16990312413476744, 0.7038827120417541, 0.1242469826033416, 0.11910219868278034, 0.2868693686767996, 0.15536534178185862, 0.08627945238037713, 0.2073961181504939, 0.26057056839244563, 0.3801256541764135, 0.603737165089345, 1.4711368214655764, 0.49161754228492033, 0.731615894932437, 0.3143721695372989, 0.44307744012213124, 1.0850028814396202, 0.8203424299112979, 2.679665204352659, 2.78175050080011, 2.4483619576678906, 5.180615834397074, 1.970302396659742, 1.5408691826993761, 0.8406502331781582, 5.9762040451991965, 0.8148706580633185, 0.7408028677355367]
------------------------------------------------------
YsysUp
[0.3046724840563237, 0.3047902079682464, 0.3066745516391618, 0.30429843408774215, 0.30425314429136063, 0.30507624240964354, 0.3037942619647364, 0.3070404808920656, 0.3041595536831971, 0.31938067395304726, 0.3050464911495847, 0.3050071306547232, 0.30701155423510584, 0.30465514402917526, 0.3044379630095912, 0.3053254539084819, 0.3041857557332518, 0.3073071360663785, 0.30587191136443576, 0.32637035229972083, 0.3116827065251696, 0.3073190228546582, 0.3144134729427413, 0.3124622304468091, 0.3053993288380238, 0.30829288926903897, 0.3088646248251448, 0.31536065840521516, 0.32241249761780555, 0.36553452945141335, 0.32498171692725325, 0.31470954077414076, 0.30653021043427, 0.3095210322500335, 0.3101196106809534, 0.32117820675798225, 0.3349651888714473, 0.3651647436200345, 0.3250623546117039, 0.3136924275604547, 0.30473637787453955, 0.3079145469040204, 0.30945294044610605, 0.3224413931637885, 0.3327388803039512, 0.35867847530955504]
------------------------------------------------------
YsysLow
[0.3046724840563237, 0.3047902079682464, 0.3066745516391618, 0.30429843408774215, 0.30425314429136063, 0.30507624240964354, 0.3037942619647364, 0.3070404808920656, 0.3041595536831971, 0.31938067395304726, 0.3050464911495847, 0.3050071306547232, 0.30701155423510584, 0.30465514402917526, 0.3044379630095912, 0.3053254539084819, 0.3041857557332518, 0.3073071360663785, 0.30587191136443576, 0.32637035229972083, 0.3116827065251696, 0.3073190228546582, 0.3144134729427413, 0.3124622304468091, 0.3053993288380238, 0.30829288926903897, 0.3088646248251448, 0.31536065840521516, 0.32241249761780555, 0.36553452945141335, 0.32498171692725325, 0.31470954077414076, 0.30653021043427, 0.3095210322500335, 0.3101196106809534, 0.32117820675798225, 0.3349651888714473, 0.3651647436200345, 0.3250623546117039, 0.3136924275604547, 0.30473637787453955, 0.3079145469040204, 0.30945294044610605, 0.3224413931637885, 0.3327388803039512, 0.35867847530955504]
------------------------------------------------------