 binIndex : nMCGJ( nMCerr)|nMCEBt |nMCECt |Nobs |nEB| pEB(pEBerr) |nEC| pEC(pECerr) | trigW(trigWsysErr,trigWerr) | SF(SFerr) |ZgR(REr1) |f(fsysErr,+ferrUp-ferrDn) |purity(pErr)| DR(+DRup-DRlow)| Yield(+YstatUp-YstatLow,+YsysUp-YsysLow)
 1 : 46164.346( 0.068)|37059.179 |9105.053 |70284.0 |55482.0| 0.939(0.016) |14802.0| 0.964(0.015) | 1.0(0.02,0.006) | 0.974(0.067) |0.546(0.01) |0.969(0.3,+0.002-0.002) |0.945(0.015)| 1.0(+0.0-0.0)| 36126.22(+0.007-0.007,+0.309-0.309)
 2 : 3206.27( 0.082)|2606.024 |600.247 |3831.0 |3066.0| 0.939(0.016) |765.0| 0.964(0.015) | 1.0(0.02,0.006) | 0.974(0.067) |0.491(0.047) |0.973(0.3,+0.004-0.004) |0.944(0.015)| 1.0(+0.0-0.0)| 1776.644(+0.035-0.035,+0.312-0.312)
 3 : 179.547( 0.22)|148.995 |30.552 |243.0 |204.0| 0.939(0.016) |39.0| 0.964(0.015) | 1.0(0.02,0.005) | 0.974(0.067) |0.674(0.205) |0.979(0.3,+0.005-0.005) |0.943(0.015)| 1.0(+0.0-0.0)| 155.417(+0.1-0.1,+0.37-0.37)
 4 : 42559.141( 0.067)|35247.216 |7311.984 |60537.0 |49272.0| 0.953(0.012) |11265.0| 0.947(0.024) | 1.0(0.02,0.006) | 0.974(0.067) |0.564(0.009) |0.977(0.3,+0.002-0.002) |0.952(0.014)| 1.0(+0.0-0.0)| 32634.396(+0.008-0.008,+0.309-0.309)
 5 : 8920.637( 0.073)|7410.165 |1510.465 |11132.0 |9318.0| 0.953(0.012) |1814.0| 0.947(0.024) | 1.0(0.02,0.006) | 0.974(0.067) |0.559(0.029) |0.969(0.3,+0.002-0.002) |0.952(0.014)| 1.0(+0.0-0.0)| 5892.235(+0.018-0.018,+0.31-0.31)
 6 : 559.526( 0.141)|501.337 |58.189 |533.0 |471.0| 0.953(0.012) |62.0| 0.947(0.024) | 1.0(0.02,0.005) | 0.974(0.067) |0.484(0.121) |0.978(0.3,+0.003-0.003) |0.952(0.013)| 1.0(+0.0-0.0)| 246.624(+0.094-0.094,+0.331-0.331)
 7 : 4414.473( 0.08)|4108.347 |306.125 |4623.0 |4182.0| 0.974(0.006) |441.0| 0.885(0.056) | 1.0(0.02,0.005) | 0.974(0.067) |0.549(0.044) |0.985(0.3,+0.002-0.002) |0.966(0.01)| 1.0(+0.0-0.0)| 2478.633(+0.027-0.027,+0.311-0.311)
 8 : 169.534( 0.251)|143.811 |25.723 |192.0 |186.0| 0.974(0.006) |6.0| 0.885(0.056) | 1.0(0.02,0.005) | 0.974(0.067) |0.558(0.236) |0.984(0.3,+0.004-0.004) |0.971(0.007)| 1.0(+0.0-0.0)| 105.28(+0.132-0.132,+0.388-0.388)
 9 : 780.949( 0.131)|742.844 |38.105 |678.0 |657.0| 0.974(0.006) |21.0| 0.885(0.056) | 1.0(0.02,0.005) | 0.974(0.067) |0.623(0.11) |0.989(0.3,+0.002-0.002) |0.972(0.007)| 1.0(+0.0-0.0)| 417.138(+0.062-0.062,+0.327-0.327)
 10 : 36.761( 0.518)|36.761 |0.0 |43.0 |43.0| 0.974(0.006) |0.0| 0.885(0.056) | 1.0(0.02,0.005) | 0.974(0.067) |0.58(0.502) |0.991(0.3,+0.006-0.006) |0.974(0.006)| 1.0(+0.0-0.0)| 24.735(+0.274-0.274,+0.589-0.589)
 11 : 7482.914( 0.071)|5869.989 |1612.925 |11658.0 |9142.0| 0.939(0.016) |2516.0| 0.964(0.015) | 1.0(0.02,0.006) | 0.974(0.067) |0.566(0.023) |0.924(0.3,+0.008-0.008) |0.945(0.015)| 1.0(+0.0-0.0)| 5915.396(+0.018-0.018,+0.309-0.309)
 12 : 2641.245( 0.085)|2006.097 |635.149 |3364.0 |2642.0| 0.939(0.016) |722.0| 0.964(0.015) | 1.0(0.02,0.006) | 0.974(0.067) |0.455(0.051) |0.901(0.3,+0.01-0.01) |0.945(0.015)| 1.0(+0.0-0.0)| 1338.422(+0.043-0.043,+0.313-0.313)
 13 : 221.182( 0.204)|143.557 |77.625 |260.0 |212.0| 0.939(0.016) |48.0| 0.964(0.015) | 1.0(0.02,0.006) | 0.974(0.067) |0.488(0.188) |0.945(0.3,+0.008-0.008) |0.944(0.015)| 1.0(+0.0-0.0)| 116.171(+0.139-0.139,+0.362-0.362)
 14 : 6488.022( 0.071)|5293.36 |1194.66 |9561.0 |7751.0| 0.953(0.012) |1810.0| 0.947(0.024) | 1.0(0.02,0.006) | 0.974(0.067) |0.557(0.023) |0.949(0.3,+0.006-0.006) |0.952(0.014)| 1.0(+0.0-0.0)| 4943.781(+0.02-0.02,+0.309-0.309)
 15 : 6219.671( 0.075)|5062.996 |1156.679 |7745.0 |6364.0| 0.953(0.012) |1381.0| 0.947(0.024) | 1.0(0.02,0.006) | 0.974(0.067) |0.489(0.034) |0.928(0.3,+0.005-0.005) |0.952(0.014)| 1.0(+0.0-0.0)| 3435.695(+0.026-0.026,+0.31-0.31)
 16 : 527.428( 0.141)|425.156 |102.272 |526.0 |445.0| 0.953(0.012) |81.0| 0.947(0.024) | 1.0(0.02,0.005) | 0.974(0.067) |0.48(0.122) |0.932(0.3,+0.007-0.007) |0.952(0.014)| 1.0(+0.0-0.0)| 230.401(+0.1-0.1,+0.332-0.332)
 17 : 1376.894( 0.104)|1208.762 |168.132 |1336.0 |1191.0| 0.974(0.006) |145.0| 0.885(0.056) | 1.0(0.02,0.005) | 0.974(0.067) |0.467(0.078) |0.966(0.3,+0.004-0.004) |0.965(0.011)| 1.0(+0.0-0.0)| 597.164(+0.061-0.061,+0.318-0.318)
 18 : 161.769( 0.243)|152.116 |9.653 |182.0 |166.0| 0.974(0.006) |16.0| 0.885(0.056) | 1.0(0.02,0.005) | 0.974(0.067) |0.544(0.228) |0.952(0.3,+0.008-0.008) |0.966(0.01)| 1.0(+0.0-0.0)| 93.516(+0.144-0.144,+0.384-0.384)
 19 : 197.656( 0.23)|188.396 |9.26 |261.0 |248.0| 0.974(0.006) |13.0| 0.885(0.056) | 1.0(0.02,0.005) | 0.974(0.067) |0.747(0.215) |0.969(0.3,+0.005-0.005) |0.97(0.008)| 1.0(+0.0-0.0)| 188.219(+0.086-0.086,+0.376-0.376)
 20 : 36.761( 0.518)|36.761 |0.0 |28.0 |27.0| 0.974(0.006) |1.0| 0.885(0.056) | 1.0(0.02,0.005) | 0.974(0.067) |0.475(0.503) |0.951(0.3,+0.019-0.019) |0.971(0.008)| 1.0(+0.0-0.0)| 12.61(+0.42-0.42,+0.59-0.59)
 21 : 372.832( 0.121)|306.419 |66.412 |690.0 |542.0| 0.939(0.016) |148.0| 0.964(0.015) | 1.0(0.02,0.006) | 0.974(0.067) |0.642(0.1) |0.907(0.3,+0.038-0.038) |0.945(0.015)| 1.0(+0.0-0.0)| 389.918(+0.067-0.067,+0.327-0.327)
 22 : 484.016( 0.137)|355.363 |128.653 |754.0 |575.0| 0.939(0.016) |179.0| 0.964(0.015) | 1.0(0.02,0.006) | 0.974(0.067) |0.488(0.117) |0.871(0.3,+0.025-0.025) |0.945(0.015)| 1.0(+0.0-0.0)| 311.277(+0.088-0.088,+0.331-0.331)
 23 : 56.161( 0.377)|29.576 |26.585 |93.0 |76.0| 0.939(0.016) |17.0| 0.964(0.015) | 1.0(0.02,0.006) | 0.974(0.067) |0.612(0.363) |0.888(0.3,+0.033-0.033) |0.944(0.015)| 1.0(+0.0-0.0)| 48.997(+0.197-0.197,+0.477-0.477)
 24 : 301.225( 0.127)|229.718 |71.507 |461.0 |358.0| 0.953(0.012) |103.0| 0.947(0.024) | 1.0(0.02,0.006) | 0.974(0.067) |0.583(0.108) |0.973(0.3,+0.016-0.016) |0.952(0.014)| 1.0(+0.0-0.0)| 255.669(+0.084-0.084,+0.327-0.327)
 25 : 1027.963( 0.107)|809.575 |218.389 |1436.0 |1161.0| 0.953(0.012) |275.0| 0.947(0.024) | 1.0(0.02,0.006) | 0.974(0.067) |0.456(0.082) |0.893(0.3,+0.014-0.014) |0.952(0.014)| 1.0(+0.0-0.0)| 571.43(+0.066-0.066,+0.319-0.319)
 26 : 149.101( 0.245)|108.825 |40.276 |194.0 |161.0| 0.953(0.012) |33.0| 0.947(0.024) | 1.0(0.02,0.006) | 0.974(0.067) |0.536(0.231) |0.888(0.3,+0.016-0.016) |0.952(0.014)| 1.0(+0.0-0.0)| 90.357(+0.154-0.154,+0.385-0.385)
 27 : 128.798( 0.289)|102.235 |26.563 |157.0 |136.0| 0.974(0.006) |21.0| 0.885(0.056) | 1.0(0.02,0.005) | 0.974(0.067) |0.487(0.275) |0.929(0.3,+0.022-0.022) |0.962(0.012)| 1.0(+0.0-0.0)| 70.222(+0.178-0.178,+0.414-0.414)
 28 : 33.873( 0.518)|33.873 |0.0 |73.0 |67.0| 0.974(0.006) |6.0| 0.885(0.056) | 1.0(0.02,0.005) | 0.974(0.067) |0.759(0.502) |0.872(0.3,+0.03-0.03) |0.967(0.01)| 1.0(+0.0-0.0)| 47.987(+0.178-0.178,+0.59-0.59)
 29 : 22.836( 0.601)|22.836 |0.0 |33.0 |32.0| 0.974(0.006) |1.0| 0.885(0.056) | 1.0(0.02,0.005) | 0.974(0.067) |0.704(0.583) |0.943(0.3,+0.019-0.019) |0.972(0.007)| 1.0(+0.0-0.0)| 21.87(+0.263-0.263,+0.66-0.66)
 30 : 9.19( 1.78)|9.19 |0.0 |15.0 |15.0| 0.974(0.006) |0.0| 0.885(0.056) | 1.0(0.02,0.005) | 0.974(0.067) |0.51(1.735) |0.852(0.3,+0.13-0.13) |0.974(0.006)| 1.0(+0.0-0.0)| 6.516(+0.647-0.647,+1.767-1.767)
 31 : 43.841( 0.385)|24.433 |19.407 |62.0 |43.0| 0.939(0.016) |19.0| 0.964(0.015) | 1.0(0.02,0.006) | 0.974(0.067) |0.642(0.132) |0.922(0.3,+0.047-0.047) |0.947(0.015)| 1.0(+0.0-0.0)| 35.685(+0.221-0.221,+0.339-0.339)
 32 : 6.736( 1.029)|6.736 |0.0 |21.0 |13.0| 0.939(0.016) |8.0| 0.964(0.015) | 1.0(0.02,0.006) | 0.974(0.067) |0.488(0.093) |0.762(0.3,+0.126-0.126) |0.949(0.015)| 1.0(+0.0-0.0)| 7.617(+0.602-0.602,+0.346-0.346)
 33 : 90.057( 0.27)|60.145 |29.912 |112.0 |82.0| 0.953(0.012) |30.0| 0.947(0.024) | 1.0(0.02,0.006) | 0.974(0.067) |0.612(0.381) |0.948(0.3,+0.025-0.025) |0.951(0.015)| 1.0(+0.0-0.0)| 63.471(+0.167-0.167,+0.49-0.49)
 34 : 15.788( 0.729)|15.788 |0.0 |40.0 |31.0| 0.953(0.012) |9.0| 0.947(0.024) | 1.0(0.02,0.006) | 0.974(0.067) |0.583(0.138) |0.862(0.3,+0.036-0.036) |0.952(0.014)| 1.0(+0.0-0.0)| 19.659(+0.322-0.322,+0.34-0.34)
 35 : 0.0( 1.671)|0.0 |0.0 |14.0 |12.0| 0.974(0.006) |2.0| 0.885(0.056) | 1.0(0.02,0.006) | 0.974(0.067) |0.456(0.07) |0.81(0.3,+0.176-0.176) |0.961(0.013)| 1.0(+0.0-0.0)| 5.107(+0.733-0.733,+0.362-0.362)
 36 : 0.0( 1.671)|0.0 |0.0 |11.0 |10.0| 0.974(0.006) |1.0| 0.885(0.056) | 1.0(0.02,0.006) | 0.974(0.067) |0.536(0.254) |0.772(0.3,+0.077-0.077) |0.966(0.01)| 1.0(+0.0-0.0)| 4.52(+0.734-0.734,+0.407-0.407)
 37 : 0.0( 1.671)|0.0 |0.0 |5.0 |5.0| 0.974(0.006) |0.0| 0.885(0.056) | 1.0(0.02,0.005) | 0.974(0.067) |0.487(0.176) |0.838(0.3,+0.124-0.124) |0.974(0.006)| 1.0(+0.0-0.0)| 2.042(+1.367-1.367,+0.376-0.376)
 38 : 0.0( 1.671)|0.0 |0.0 |1.0 |1.0| 0.974(0.006) |0.0| 0.885(0.056) | 1.0(0.02,0.005) | 0.974(0.067) |0.759(0.541) |0.898(0.3,+0.114-0.125) |0.974(0.006)| 1.0(+0.0-0.0)| 0.682(+2.854-2.854,+0.633-0.635)
 39 : 1.897( 1.029)|1.897 |0.0 |7.0 |4.0| 0.939(0.016) |3.0| 0.964(0.015) | 1.0(0.02,0.006) | 0.974(0.067) |0.642(0.132) |0.922(0.3,+0.047-0.047) |0.95(0.015)| 1.0(+0.0-0.0)| 4.042(+0.655-0.655,+0.339-0.339)
 40 : 0.0( 1.671)|0.0 |0.0 |4.0 |3.0| 0.939(0.016) |1.0| 0.964(0.015) | 1.0(0.02,0.006) | 0.974(0.067) |0.488(0.093) |0.762(0.3,+0.126-0.126) |0.946(0.015)| 1.0(+0.0-0.0)| 1.446(+1.383-1.383,+0.346-0.346)
 41 : 5.2( 0.73)|5.2 |0.0 |4.0 |4.0| 0.953(0.012) |0.0| 0.947(0.024) | 1.0(0.02,0.006) | 0.974(0.067) |0.612(0.381) |0.948(0.3,+0.025-0.025) |0.953(0.012)| 1.0(+0.0-0.0)| 2.271(+1.147-1.147,+0.49-0.49)
 42 : 7.722( 1.029)|7.722 |0.0 |7.0 |4.0| 0.953(0.012) |3.0| 0.947(0.024) | 1.0(0.02,0.006) | 0.974(0.067) |0.583(0.138) |0.862(0.3,+0.036-0.036) |0.95(0.017)| 1.0(+0.0-0.0)| 3.436(+0.77-0.77,+0.34-0.34)
 43 : 0.0( 1.671)|0.0 |0.0 |0.0 |0.0| 0.974(0.006) |0.0| 0.885(0.056) | 1.0(0.02,0.006) | 0.974(0.067) |0.456(0.07) |0.81(0.3,+0.176-0.176) |1.0(0.0)| 1.0(+0.0-0.0)| 0.0(+1.077-1.077,+0.361-0.361)
 44 : 0.0( 1.671)|0.0 |0.0 |1.0 |0.0| 0.974(0.006) |1.0| 0.885(0.056) | 1.0(0.02,0.006) | 0.974(0.067) |0.536(0.254) |0.772(0.3,+0.077-0.077) |0.885(0.056)| 1.0(+0.0-0.0)| 0.376(+5.173-5.173,+0.41-0.41)
 45 : 0.0( 1.671)|0.0 |0.0 |0.0 |0.0| 0.974(0.006) |0.0| 0.885(0.056) | 1.0(0.02,0.005) | 0.974(0.067) |0.487(0.176) |0.838(0.3,+0.124-0.124) |1.0(0.0)| 1.0(+0.0-0.0)| 0.0(+1.15-1.15,+0.376-0.376)
 46 : 0.0( 1.671)|0.0 |0.0 |1.0 |1.0| 0.974(0.006) |0.0| 0.885(0.056) | 1.0(0.02,0.005) | 0.974(0.067) |0.759(0.541) |0.898(0.3,+0.114-0.125) |0.974(0.006)| 1.0(+0.0-0.0)| 0.682(+2.854-2.854,+0.633-0.635)

binIndex
[1, 2, 3, 4, 5, 6, 7, 8, 9, 10, 11, 12, 13, 14, 15, 16, 17, 18, 19, 20, 21, 22, 23, 24, 25, 26, 27, 28, 29, 30, 31, 32, 33, 34, 35, 36, 37, 38, 39, 40, 41, 42, 43, 44, 45, 46]
------------------------------------------------------
nMCGJ
[46164.34617835889, 3206.2697988668956, 179.54703896408947, 42559.1405174314, 8920.636996323461, 559.5259149444685, 4414.4731282133525, 169.53431847091943, 780.9487032643433, 36.761434698882766, 7482.914234749906, 2641.244533478008, 221.18230203570528, 6488.0220760577195, 6219.671410129944, 527.4275247447488, 1376.894244934554, 161.768775853946, 197.6557794578835, 36.761434698882766, 372.8316396581729, 484.01574705146896, 56.161164213319225, 301.2248394188946, 1027.9631301506101, 149.1006643096471, 128.79798596945838, 33.87330420385826, 22.836266482734725, 9.190358674720692, 43.84066891550128, 6.736073053197761, 90.05718158837368, 15.788188601915834, 0.0, 0.0, 0.0, 0.0, 1.8971899490493196, 0.0, 5.200410053868145, 7.721891437405069, 0.0, 0.0, 0.0, 0.0]
------------------------------------------------------
nMCerr
[0.06752657365784269, 0.08239449167841584, 0.22024309736685857, 0.0674469660502621, 0.07295190512335094, 0.14067208204779555, 0.08038999486151771, 0.25053997249590765, 0.13059519867573258, 0.5179183741828846, 0.07056271737329417, 0.08463971956903311, 0.20378299733728225, 0.07083012256131799, 0.07540234507724464, 0.14118446763505837, 0.10418040657420043, 0.24265106170543302, 0.2298715382783204, 0.5179183741828846, 0.12087407205286027, 0.13655784406866553, 0.3770724829351087, 0.12716336661006736, 0.1074795423411056, 0.24508515388884114, 0.28923691060868617, 0.5180264430954993, 0.6006973003171013, 1.780394370256887, 0.38487630112215687, 1.0293567223119668, 0.2699819360862282, 0.7294691425879305, 1.6713350459533973, 1.6713350459533973, 1.6713350459533973, 1.6713350459533973, 1.0293567223119668, 1.6713350459533973, 0.7298543882300372, 1.0293567223119668, 1.6713350459533973, 1.6713350459533973, 1.6713350459533973, 1.6713350459533973]
------------------------------------------------------
nMCEBt
[37059.179238741905, 2606.023639298275, 148.99529836897042, 35247.21567018119, 7410.164586170008, 501.33658263993516, 4108.3472350688735, 143.8111693063587, 742.8435185861548, 36.761434698882766, 5869.98946831857, 2006.0966822297619, 143.55697193192486, 5293.360490898609, 5062.995635519701, 425.15580428226525, 1208.7619931413205, 152.1155295463723, 188.39618850459314, 36.761434698882766, 306.41933721498896, 355.36284907617227, 29.57637589596255, 229.71793851009008, 809.5746670113892, 108.8246857489121, 102.2354150403753, 33.87330420385826, 22.836266482734725, 9.190358674720692, 24.43339495906268, 6.736073053197761, 60.14529434807438, 15.788188601915834, 0.0, 0.0, 0.0, 0.0, 1.8971899490493196, 0.0, 5.200410053868145, 7.721891437405069, 0.0, 0.0, 0.0, 0.0]
------------------------------------------------------
nMCECt
[9105.05285383884, 600.2469320244101, 30.551746165713663, 7311.984266926323, 1510.4652797923193, 58.189391724209386, 306.12482359030895, 25.723134309641722, 38.10504355645762, 0.0, 1612.925122949393, 635.1485048646837, 77.62531524886137, 1194.659802568827, 1156.679458630163, 102.27170560756451, 168.13229635799058, 9.653240736979079, 9.259579812101121, 0.0, 66.41222074112926, 128.6529128302157, 26.584790174221556, 71.50690090880451, 218.3885671236541, 40.27597113327549, 26.56257278594797, 0.0, 0.0, 0.0, 19.407273956438598, 0.0, 29.911896524623693, 0.0, 0.0, 0.0, 0.0, 0.0, 0.0, 0.0, 0.0, 0.0, 0.0, 0.0, 0.0, 0.0]
------------------------------------------------------
Nobs
[70284.0, 3831.0, 243.0, 60537.0, 11132.0, 533.0, 4623.0, 192.0, 678.0, 43.0, 11658.0, 3364.0, 260.0, 9561.0, 7745.0, 526.0, 1336.0, 182.0, 261.0, 28.0, 690.0, 754.0, 93.0, 461.0, 1436.0, 194.0, 157.0, 73.0, 33.0, 15.0, 62.0, 21.0, 112.0, 40.0, 14.0, 11.0, 5.0, 1.0, 7.0, 4.0, 4.0, 7.0, 0.0, 1.0, 0.0, 1.0]
------------------------------------------------------
nEB
[55482.0, 3066.0, 204.0, 49272.0, 9318.0, 471.0, 4182.0, 186.0, 657.0, 43.0, 9142.0, 2642.0, 212.0, 7751.0, 6364.0, 445.0, 1191.0, 166.0, 248.0, 27.0, 542.0, 575.0, 76.0, 358.0, 1161.0, 161.0, 136.0, 67.0, 32.0, 15.0, 43.0, 13.0, 82.0, 31.0, 12.0, 10.0, 5.0, 1.0, 4.0, 3.0, 4.0, 4.0, 0.0, 0.0, 0.0, 1.0]
------------------------------------------------------
pEB
[0.9394312251323332, 0.9394312251323332, 0.9394312251323332, 0.9529458327956667, 0.9529458327956667, 0.9529458327956667, 0.9742914092513333, 0.9742914092513333, 0.9742914092513333, 0.9742914092513333, 0.9394312251323332, 0.9394312251323332, 0.9394312251323332, 0.9529458327956667, 0.9529458327956667, 0.9529458327956667, 0.9742914092513333, 0.9742914092513333, 0.9742914092513333, 0.9742914092513333, 0.9394312251323332, 0.9394312251323332, 0.9394312251323332, 0.9529458327956667, 0.9529458327956667, 0.9529458327956667, 0.9742914092513333, 0.9742914092513333, 0.9742914092513333, 0.9742914092513333, 0.9394312251323332, 0.9394312251323332, 0.9529458327956667, 0.9529458327956667, 0.9742914092513333, 0.9742914092513333, 0.9742914092513333, 0.9742914092513333, 0.9394312251323332, 0.9394312251323332, 0.9529458327956667, 0.9529458327956667, 0.9742914092513333, 0.9742914092513333, 0.9742914092513333, 0.9742914092513333]
------------------------------------------------------
pEBerr
[0.015525813581807048, 0.015525813581807048, 0.015525813581807048, 0.011582672615593903, 0.011582672615593903, 0.011582672615593903, 0.006018627194751928, 0.006018627194751928, 0.006018627194751928, 0.006018627194751928, 0.015525813581807048, 0.015525813581807048, 0.015525813581807048, 0.011582672615593903, 0.011582672615593903, 0.011582672615593903, 0.006018627194751928, 0.006018627194751928, 0.006018627194751928, 0.006018627194751928, 0.015525813581807048, 0.015525813581807048, 0.015525813581807048, 0.011582672615593903, 0.011582672615593903, 0.011582672615593903, 0.006018627194751928, 0.006018627194751928, 0.006018627194751928, 0.006018627194751928, 0.015525813581807048, 0.015525813581807048, 0.011582672615593903, 0.011582672615593903, 0.006018627194751928, 0.006018627194751928, 0.006018627194751928, 0.006018627194751928, 0.015525813581807048, 0.015525813581807048, 0.011582672615593903, 0.011582672615593903, 0.006018627194751928, 0.006018627194751928, 0.006018627194751928, 0.006018627194751928]
------------------------------------------------------
nEC
[14802.0, 765.0, 39.0, 11265.0, 1814.0, 62.0, 441.0, 6.0, 21.0, 0.0, 2516.0, 722.0, 48.0, 1810.0, 1381.0, 81.0, 145.0, 16.0, 13.0, 1.0, 148.0, 179.0, 17.0, 103.0, 275.0, 33.0, 21.0, 6.0, 1.0, 0.0, 19.0, 8.0, 30.0, 9.0, 2.0, 1.0, 0.0, 0.0, 3.0, 1.0, 0.0, 3.0, 0.0, 1.0, 0.0, 0.0]
------------------------------------------------------
pEC
[0.9644865701173333, 0.9644865701173333, 0.9644865701173333, 0.9468864281673334, 0.9468864281673334, 0.9468864281673334, 0.8846943180493333, 0.8846943180493333, 0.8846943180493333, 0.8846943180493333, 0.9644865701173333, 0.9644865701173333, 0.9644865701173333, 0.9468864281673334, 0.9468864281673334, 0.9468864281673334, 0.8846943180493333, 0.8846943180493333, 0.8846943180493333, 0.8846943180493333, 0.9644865701173333, 0.9644865701173333, 0.9644865701173333, 0.9468864281673334, 0.9468864281673334, 0.9468864281673334, 0.8846943180493333, 0.8846943180493333, 0.8846943180493333, 0.8846943180493333, 0.9644865701173333, 0.9644865701173333, 0.9468864281673334, 0.9468864281673334, 0.8846943180493333, 0.8846943180493333, 0.8846943180493333, 0.8846943180493333, 0.9644865701173333, 0.9644865701173333, 0.9468864281673334, 0.9468864281673334, 0.8846943180493333, 0.8846943180493333, 0.8846943180493333, 0.8846943180493333]
------------------------------------------------------
pECerr
[0.014999650318517965, 0.014999650318517965, 0.014999650318517965, 0.024477622567885625, 0.024477622567885625, 0.024477622567885625, 0.05595521178827425, 0.05595521178827425, 0.05595521178827425, 0.05595521178827425, 0.014999650318517965, 0.014999650318517965, 0.014999650318517965, 0.024477622567885625, 0.024477622567885625, 0.024477622567885625, 0.05595521178827425, 0.05595521178827425, 0.05595521178827425, 0.05595521178827425, 0.014999650318517965, 0.014999650318517965, 0.014999650318517965, 0.024477622567885625, 0.024477622567885625, 0.024477622567885625, 0.05595521178827425, 0.05595521178827425, 0.05595521178827425, 0.05595521178827425, 0.014999650318517965, 0.014999650318517965, 0.024477622567885625, 0.024477622567885625, 0.05595521178827425, 0.05595521178827425, 0.05595521178827425, 0.05595521178827425, 0.014999650318517965, 0.014999650318517965, 0.024477622567885625, 0.024477622567885625, 0.05595521178827425, 0.05595521178827425, 0.05595521178827425, 0.05595521178827425]
------------------------------------------------------
trigW
[1.0, 1.0, 1.0, 1.0, 1.0, 1.0, 1.0, 1.0, 1.0, 1.0, 1.0, 1.0, 1.0, 1.0, 1.0, 1.0, 1.0, 1.0, 1.0, 1.0, 1.0, 1.0, 1.0, 1.0, 1.0, 1.0, 1.0, 1.0, 1.0, 1.0, 1.0, 1.0, 1.0, 1.0, 1.0, 1.0, 1.0, 1.0, 1.0, 1.0, 1.0, 1.0, 1.0, 1.0, 1.0, 1.0]
------------------------------------------------------
trigWsysErr
[0.02, 0.02, 0.02, 0.02, 0.02, 0.02, 0.02, 0.02, 0.02, 0.02, 0.02, 0.02, 0.02, 0.02, 0.02, 0.02, 0.02, 0.02, 0.02, 0.02, 0.02, 0.02, 0.02, 0.02, 0.02, 0.02, 0.02, 0.02, 0.02, 0.02, 0.02, 0.02, 0.02, 0.02, 0.02, 0.02, 0.02, 0.02, 0.02, 0.02, 0.02, 0.02, 0.02, 0.02, 0.02, 0.02]
------------------------------------------------------
trigWerr
[0.00573272014683285, 0.005681852341425216, 0.005499214814814815, 0.0056184665285693046, 0.0055106774775422205, 0.0052933791369606, 0.005195845710577547, 0.0048969437499999996, 0.004895655044247787, 0.00475132, 0.005757020751415336, 0.005751465992865636, 0.005611620307692308, 0.0056335004832130525, 0.005582230879276953, 0.005468918403041825, 0.005257079131736527, 0.005160986813186813, 0.0049834252873563216, 0.004917747142857143, 0.005750847652173913, 0.005857596976127322, 0.00560314064516129, 0.005792482429501084, 0.0056437218105849585, 0.005543993608247423, 0.0053746267515923565, 0.005134330410958904, 0.004892530909090908, 0.00475132, 0.005750847652173913, 0.005857596976127322, 0.00560314064516129, 0.005792482429501084, 0.0056437218105849585, 0.005543993608247423, 0.0053746267515923565, 0.005134330410958904, 0.005750847652173913, 0.005857596976127322, 0.00560314064516129, 0.005792482429501084, 0.0056437218105849585, 0.005543993608247423, 0.0053746267515923565, 0.005134330410958904]
------------------------------------------------------
SF
[0.9735319735212031, 0.9735319735212031, 0.9735319735212031, 0.9735319735212031, 0.9735319735212031, 0.9735319735212031, 0.9735319735212031, 0.9735319735212031, 0.9735319735212031, 0.9735319735212031, 0.9735319735212031, 0.9735319735212031, 0.9735319735212031, 0.9735319735212031, 0.9735319735212031, 0.9735319735212031, 0.9735319735212031, 0.9735319735212031, 0.9735319735212031, 0.9735319735212031, 0.9735319735212031, 0.9735319735212031, 0.9735319735212031, 0.9735319735212031, 0.9735319735212031, 0.9735319735212031, 0.9735319735212031, 0.9735319735212031, 0.9735319735212031, 0.9735319735212031, 0.9735319735212031, 0.9735319735212031, 0.9735319735212031, 0.9735319735212031, 0.9735319735212031, 0.9735319735212031, 0.9735319735212031, 0.9735319735212031, 0.9735319735212031, 0.9735319735212031, 0.9735319735212031, 0.9735319735212031, 0.9735319735212031, 0.9735319735212031, 0.9735319735212031, 0.9735319735212031]
------------------------------------------------------
SFerr
[0.06678948893384838, 0.06678948893384838, 0.06678948893384838, 0.06678948893384838, 0.06678948893384838, 0.06678948893384838, 0.06678948893384838, 0.06678948893384838, 0.06678948893384838, 0.06678948893384838, 0.06678948893384838, 0.06678948893384838, 0.06678948893384838, 0.06678948893384838, 0.06678948893384838, 0.06678948893384838, 0.06678948893384838, 0.06678948893384838, 0.06678948893384838, 0.06678948893384838, 0.06678948893384838, 0.06678948893384838, 0.06678948893384838, 0.06678948893384838, 0.06678948893384838, 0.06678948893384838, 0.06678948893384838, 0.06678948893384838, 0.06678948893384838, 0.06678948893384838, 0.06678948893384838, 0.06678948893384838, 0.06678948893384838, 0.06678948893384838, 0.06678948893384838, 0.06678948893384838, 0.06678948893384838, 0.06678948893384838, 0.06678948893384838, 0.06678948893384838, 0.06678948893384838, 0.06678948893384838, 0.06678948893384838, 0.06678948893384838, 0.06678948893384838, 0.06678948893384838]
------------------------------------------------------
ZgR
[0.5463877320289612, 0.491234689950943, 0.6739417910575867, 0.5644240975379944, 0.5588316917419434, 0.4839131534099579, 0.5486331582069397, 0.5584396123886108, 0.6231163144111633, 0.5800349712371826, 0.5655683875083923, 0.45520269870758057, 0.4877592623233795, 0.5571863055229187, 0.4886636435985565, 0.48047110438346863, 0.4669765532016754, 0.5436676740646362, 0.7471343874931335, 0.47494053840637207, 0.6417248249053955, 0.4880504608154297, 0.6115587949752808, 0.5831572413444519, 0.45604208111763, 0.5361238718032837, 0.4869384169578552, 0.7592499852180481, 0.7043381333351135, 0.5097421407699585, 0.6417248249053955, 0.4880504608154297, 0.6115587949752808, 0.5831572413444519, 0.45604208111763, 0.5361238718032837, 0.4869384169578552, 0.7592499852180481, 0.6417248249053955, 0.4880504608154297, 0.6115587949752808, 0.5831572413444519, 0.45604208111763, 0.5361238718032837, 0.4869384169578552, 0.7592499852180481]
------------------------------------------------------
REr1
[0.009944314387147768, 0.047156622782786956, 0.20518475198802696, 0.00931921279748438, 0.028665968679850898, 0.12118369901899158, 0.04368248558395973, 0.23604563622055483, 0.10956643420625028, 0.5022139128639865, 0.022695587951250897, 0.05085400380334717, 0.1884685449973049, 0.023370642378301592, 0.03421029545746868, 0.12178002088558251, 0.07811782499456234, 0.2281591731998458, 0.2147288721939739, 0.5027035509977336, 0.10039628509111662, 0.11657977201779765, 0.36292317104825167, 0.10761021908070462, 0.08240189862842223, 0.23067307943473173, 0.27478886247652007, 0.5016943696825338, 0.5831669239686152, 1.7349309957799444, 0.13200845741156636, 0.09303571777974945, 0.3805986471902157, 0.1376050173830106, 0.07009337825631866, 0.25397327497788785, 0.17623346236027795, 0.540807638742754, 0.13200845741156636, 0.09303571777974945, 0.3805986471902157, 0.1376050173830106, 0.07009337825631866, 0.25397327497788785, 0.17623346236027795, 0.540807638742754]
------------------------------------------------------
f
[0.969432907698, 0.973145158757, 0.979263771362, 0.976889210827, 0.968630268912, 0.977559820541, 0.985131528509, 0.983965826053, 0.989420643321, 0.990962172524, 0.924415581298, 0.900613686123, 0.944646618266, 0.949206308714, 0.928448449434, 0.932263077866, 0.966073435266, 0.95206802902, 0.968901223366, 0.950653869399, 0.907367595812, 0.871073319118, 0.888424582686, 0.972950074516, 0.892513261282, 0.888482999934, 0.929254115212, 0.871710694575, 0.942829884842, 0.851514476336, 0.921928773995, 0.762406001333, 0.948291436198, 0.86223639719, 0.809934607131, 0.772346396222, 0.837954268482, 0.897608048896, 0.921928773995, 0.762406001333, 0.948291436198, 0.86223639719, 0.809934607131, 0.772346396222, 0.837954268482, 0.897608048896]
------------------------------------------------------
fsysErr
[0.3, 0.3, 0.3, 0.3, 0.3, 0.3, 0.3, 0.3, 0.3, 0.3, 0.3, 0.3, 0.3, 0.3, 0.3, 0.3, 0.3, 0.3, 0.3, 0.3, 0.3, 0.3, 0.3, 0.3, 0.3, 0.3, 0.3, 0.3, 0.3, 0.3, 0.3, 0.3, 0.3, 0.3, 0.3, 0.3, 0.3, 0.3, 0.3, 0.3, 0.3, 0.3, 0.3, 0.3, 0.3, 0.3]
------------------------------------------------------
ferrUp
[0.002250200779804311, 0.003972962859578311, 0.0049004880203068635, 0.00167757407817274, 0.002384757431114161, 0.003165890683484979, 0.0020279042173623305, 0.004365766789860662, 0.0015852519632553635, 0.005836579925849714, 0.007787383961985988, 0.009812669869390639, 0.008344398899282767, 0.006063123069459132, 0.004721424548926035, 0.0072158929819024, 0.004291138046921409, 0.007853669233296907, 0.004964086894906463, 0.01885866658054425, 0.038399414046210986, 0.02546383174134997, 0.032584517665053776, 0.01571095890845592, 0.013587914068503917, 0.016126979345428533, 0.02199867618766077, 0.029982614856116467, 0.018523126276620575, 0.13040434315902827, 0.04748179544294971, 0.12551371208357517, 0.02476476642851025, 0.03636481466368751, 0.17565094320631955, 0.07720069804942994, 0.1237737145726204, 0.1140720064062878, 0.04748179544294971, 0.12551371208357517, 0.02476476642851025, 0.03636481466368751, 0.17565094320631955, 0.07720069804942994, 0.1237737145726204, 0.1140720064062878]
------------------------------------------------------
ferrDn
[0.002250200779804311, 0.003972962859578311, 0.0049004880203068635, 0.00167757407817274, 0.002384757431114161, 0.003165890683484979, 0.0020279042173623305, 0.004365766789860662, 0.0015852519632553635, 0.005836579925849714, 0.007787383961985988, 0.009812669869390639, 0.008344398899282767, 0.006063123069459132, 0.004721424548926035, 0.0072158929819024, 0.004291138046921409, 0.007853669233296907, 0.004964086894906463, 0.01885866658054425, 0.038399414046210986, 0.02546383174134997, 0.032584517665053776, 0.01571095890845592, 0.013587914068503917, 0.016126979345428533, 0.02199867618766077, 0.029982614856116467, 0.018523126276620575, 0.13040434315902827, 0.04748179544294971, 0.12551371208357517, 0.02476476642851025, 0.03636481466368751, 0.17565094320631955, 0.07720069804942994, 0.1237737145726204, 0.1254040169854159, 0.04748179544294971, 0.12551371208357517, 0.02476476642851025, 0.03636481466368751, 0.17565094320631955, 0.07720069804942994, 0.1237737145726204, 0.1254040169854159]
------------------------------------------------------
purity
[0.9447079483761436, 0.9444344459398314, 0.9434524533398024, 0.9518182712525083, 0.9519584307119623, 0.9522409864786748, 0.965744509571454, 0.9714915001512708, 0.9715162781079084, 0.9742914092513333, 0.9448386061567166, 0.9448087397218605, 0.9440568272834101, 0.9517987224120997, 0.951865388923268, 0.952012730562026, 0.9645671740535113, 0.9664147418929157, 0.9698287188849501, 0.9710915131369762, 0.9448054150711449, 0.9453793773237325, 0.9440112344306666, 0.9515919961867332, 0.9517854314914942, 0.9519151093279605, 0.9623070849504288, 0.9669272647689771, 0.9715763458815757, 0.9742914092513334, 0.9471094760148332, 0.9489761184599523, 0.951322777984506, 0.9515824667542917, 0.9614918247939047, 0.9661462191420607, 0.9742914092513333, 0.9742914092513333, 0.9501692301259047, 0.9456950613785833, 0.9529458327956667, 0.9503489450978095, 1.0, 0.8846943180493333, 1.0, 0.9742914092513333]
------------------------------------------------------
pErr
[0.015412682206288707, 0.0154185149530739, 0.015439484917318736, 0.013969790224259053, 0.013672756195453339, 0.013074213501483758, 0.01038242401786402, 0.007439722124744883, 0.007427110139964413, 0.006018627194751928, 0.015409896974208774, 0.015410533569121176, 0.015426573649542495, 0.014011226208569547, 0.01386992597215321, 0.013557704319676612, 0.010989597165578156, 0.010037433935788535, 0.008287550824283849, 0.007643404647127812, 0.015410604435633786, 0.01539837754169748, 0.015427547075175617, 0.014449510081283845, 0.014039398794151335, 0.013764556037026364, 0.012159329341974324, 0.009773944663261792, 0.007396538301413586, 0.006018627194751928, 0.015361611584015795, 0.01532209430955151, 0.015020569840014746, 0.014469718188488877, 0.012582625157300348, 0.010175593743196676, 0.006018627194751928, 0.006018627194751928, 0.015296917183276236, 0.015391658973768898, 0.011582672615593903, 0.017088944735672334, 0.0, 0.05595521178827425, 0.0, 0.006018627194751928]
------------------------------------------------------
DR
[1.0, 1.0, 1.0, 1.0, 1.0, 1.0, 1.0, 1.0, 1.0, 1.0, 1.0, 1.0, 1.0, 1.0, 1.0, 1.0, 1.0, 1.0, 1.0, 1.0, 1.0, 1.0, 1.0, 1.0, 1.0, 1.0, 1.0, 1.0, 1.0, 1.0, 1.0, 1.0, 1.0, 1.0, 1.0, 1.0, 1.0, 1.0, 1.0, 1.0, 1.0, 1.0, 1.0, 1.0, 1.0, 1.0]
------------------------------------------------------
DRup
[0.0, 0.0, 0.0, 0.0, 0.0, 0.0, 0.0, 0.0, 0.0, 0.0, 0.0, 0.0, 0.0, 0.0, 0.0, 0.0, 0.0, 0.0, 0.0, 0.0, 0.0, 0.0, 0.0, 0.0, 0.0, 0.0, 0.0, 0.0, 0.0, 0.0, 0.0, 0.0, 0.0, 0.0, 0.0, 0.0, 0.0, 0.0, 0.0, 0.0, 0.0, 0.0, 0.0, 0.0, 0.0, 0.0]
------------------------------------------------------
DRlow
[0.0, 0.0, 0.0, 0.0, 0.0, 0.0, 0.0, 0.0, 0.0, 0.0, 0.0, 0.0, 0.0, 0.0, 0.0, 0.0, 0.0, 0.0, 0.0, 0.0, 0.0, 0.0, 0.0, 0.0, 0.0, 0.0, 0.0, 0.0, 0.0, 0.0, 0.0, 0.0, 0.0, 0.0, 0.0, 0.0, 0.0, 0.0, 0.0, 0.0, 0.0, 0.0, 0.0, 0.0, 0.0, 0.0]
------------------------------------------------------
Yield
[36126.21958862766, 1776.6439673804794, 155.41686621219796, 32634.39555287065, 5892.234546983982, 246.62359831105104, 2478.632798384324, 105.2800897785493, 417.1378951971686, 24.735367353985254, 5915.396299015828, 1338.4219182437207, 116.17058200742741, 4943.78147710442, 3435.6946789747117, 230.40082995334703, 597.1644313101049, 93.51606134898803, 188.21904179690256, 12.61042230987873, 389.9180596196131, 311.2767542525178, 48.99690807668401, 255.6687893113163, 571.4297801562428, 90.35745673893585, 70.22175006140915, 47.98700145852303, 21.870322899027993, 6.515871139176014, 35.68517753619499, 7.616849804233007, 63.47105883320063, 19.65930803833197, 5.107146160072091, 4.520251449178191, 2.0417521194833355, 0.6820405313527955, 4.041987747747546, 1.4458123370581635, 2.2706909645765223, 3.435919196660679, 0.0, 0.376287930336952, 0.0, 0.6820405313527955]
------------------------------------------------------
YstatUp
[0.007338473286207666, 0.0348381969816015, 0.10030093675184676, 0.0075393668262048645, 0.01790632953789758, 0.0936114504829844, 0.02743151252801897, 0.13161469077103927, 0.062421643855386205, 0.2735657608049493, 0.018252744734452007, 0.04333461609483181, 0.13880033325103056, 0.019778456345652878, 0.025615105490406985, 0.09954256626160325, 0.061208156160280726, 0.14426118218224157, 0.08583347501490349, 0.41961343499051046, 0.06736761846515434, 0.08821429824218832, 0.19682161874173537, 0.08397939620013507, 0.06631539335004824, 0.1541476351799779, 0.1784342326299782, 0.17804829403025804, 0.26266473856192313, 0.6472947132551368, 0.22065205829578155, 0.6016366099813479, 0.16673749325767626, 0.32170793132724, 0.7326317417790771, 0.7337257291203086, 1.3668946665228687, 2.853950179481112, 0.6545668805005588, 1.383305390843087, 1.1474708824887458, 0.7700272211395305, 1.0770512965361039, 5.17292620872712, 1.1500203052148141, 2.853950179481112]
------------------------------------------------------
YstatLow
[0.007338473286207666, 0.0348381969816015, 0.10030093675184676, 0.0075393668262048645, 0.01790632953789758, 0.0936114504829844, 0.02743151252801897, 0.13161469077103927, 0.062421643855386205, 0.2735657608049493, 0.018252744734452007, 0.04333461609483181, 0.13880033325103056, 0.019778456345652878, 0.025615105490406985, 0.09954256626160325, 0.061208156160280726, 0.14426118218224157, 0.08583347501490349, 0.41961343499051046, 0.06736761846515434, 0.08821429824218832, 0.19682161874173537, 0.08397939620013507, 0.06631539335004824, 0.1541476351799779, 0.1784342326299782, 0.17804829403025804, 0.26266473856192313, 0.6472947132551368, 0.22065205829578155, 0.6016366099813479, 0.16673749325767626, 0.32170793132724, 0.7326317417790771, 0.7337257291203086, 1.3668946665228687, 2.853950179481112, 0.6545668805005588, 1.383305390843087, 1.1474708824887458, 0.7700272211395305, 1.0770512965361039, 5.17292620872712, 1.1500203052148141, 2.853950179481112]
------------------------------------------------------
YsysUp
[0.3086020147006472, 0.3120422750006707, 0.3704784097911261, 0.3085080550310472, 0.30968624846551696, 0.33129337832978184, 0.31130033619558967, 0.3881710546316645, 0.327027952572632, 0.5892134712364299, 0.3093657658923446, 0.3127520070771621, 0.3615526610820042, 0.3093086403677346, 0.31028536566387677, 0.3315976460190614, 0.31800951622006923, 0.3835446651077409, 0.37561613992306103, 0.5899236825170969, 0.32662719401333357, 0.3307136333385267, 0.47739419676099293, 0.32700148395190853, 0.3194753456101471, 0.38542338244945556, 0.41355825760098125, 0.5895582455872016, 0.6598228920609391, 1.7668928908057282, 0.33883718939615937, 0.34574448737789293, 0.4904961492557651, 0.33964879211282056, 0.36168680568749273, 0.4067646574955998, 0.375904392090155, 0.6327785914695535, 0.3388342625572901, 0.3457475772064585, 0.490402909066958, 0.3397704537940617, 0.36146787264233177, 0.41046915792268324, 0.37585620670591513, 0.6327785914695535]
------------------------------------------------------
YsysLow
[0.3086020147006472, 0.3120422750006707, 0.3704784097911261, 0.3085080550310472, 0.30968624846551696, 0.33129337832978184, 0.31130033619558967, 0.3881710546316645, 0.327027952572632, 0.5892134712364299, 0.3093657658923446, 0.3127520070771621, 0.3615526610820042, 0.3093086403677346, 0.31028536566387677, 0.3315976460190614, 0.31800951622006923, 0.3835446651077409, 0.37561613992306103, 0.5899236825170969, 0.32662719401333357, 0.3307136333385267, 0.47739419676099293, 0.32700148395190853, 0.3194753456101471, 0.38542338244945556, 0.41355825760098125, 0.5895582455872016, 0.6598228920609391, 1.7668928908057282, 0.33883718939615937, 0.34574448737789293, 0.4904961492557651, 0.33964879211282056, 0.36168680568749273, 0.4067646574955998, 0.375904392090155, 0.634919278847882, 0.3388342625572901, 0.3457475772064585, 0.490402909066958, 0.3397704537940617, 0.36146787264233177, 0.41046915792268324, 0.37585620670591513, 0.634919278847882]
------------------------------------------------------