 binIndex : nMCGJ( nMCerr)|nMCEBt |nMCECt |Nobs |nEB| pEB(pEBerr) |nEC| pEC(pECerr) | trigW(trigWsysErr,trigWerr) | SF(SFerr) |ZgR(REr1) |f(fsysErr,+ferrUp-ferrDn) |purity(pErr)| DR(+DRup-DRlow)| Yield(+YstatUp-YstatLow,+YsysUp-YsysLow)
 1 : 39441.223( 158.761)|31789.7 |7651.523 |69850.0 |55112.0| 0.931(0.015) |14738.0| 0.944(0.021) | 1.0(0.02,0.009) | 1.0(0.07) |0.464(0.005) |0.973(0.3,+0.004-0.004) |0.934(0.016)| 1.0(+0.0-0.0)| 29416.008(+0.009-0.009,+0.309-0.309)
 2 : 2940.418( 24.716)|2375.13 |565.288 |3824.0 |3062.0| 0.931(0.015) |762.0| 0.944(0.021) | 1.0(0.02,0.009) | 1.0(0.07) |0.459(0.009) |0.98(0.3,+0.003-0.003) |0.934(0.016)| 1.0(+0.0-0.0)| 1605.561(+0.039-0.039,+0.309-0.309)
 3 : 216.627( 6.612)|180.555 |36.072 |250.0 |209.0| 0.931(0.015) |41.0| 0.944(0.021) | 1.0(0.02,0.009) | 1.0(0.068) |0.521(0.036) |0.976(0.3,+0.001-0.001) |0.934(0.016)| 1.0(+0.0-0.0)| 118.782(+0.133-0.133,+0.311-0.311)
 4 : 36772.776( 128.426)|30729.225 |6043.551 |60337.0 |49126.0| 0.947(0.013) |11211.0| 0.932(0.032) | 1.0(0.02,0.009) | 1.0(0.069) |0.475(0.004) |0.972(0.3,+0.002-0.002) |0.944(0.017)| 1.0(+0.0-0.0)| 26266.628(+0.009-0.009,+0.309-0.309)
 5 : 8353.815( 42.569)|7105.062 |1248.753 |11131.0 |9324.0| 0.947(0.013) |1807.0| 0.932(0.032) | 1.0(0.02,0.009) | 1.0(0.069) |0.465(0.006) |0.98(0.3,+0.002-0.002) |0.944(0.016)| 1.0(+0.0-0.0)| 4790.228(+0.022-0.022,+0.309-0.309)
 6 : 501.252( 10.132)|438.592 |62.661 |549.0 |485.0| 0.947(0.013) |64.0| 0.932(0.032) | 1.0(0.02,0.008) | 1.0(0.068) |0.467(0.024) |0.986(0.3,+0.002-0.002) |0.945(0.015)| 1.0(+0.0-0.0)| 238.795(+0.098-0.098,+0.31-0.31)
 7 : 3581.846( 27.566)|3286.245 |295.601 |4664.0 |4221.0| 0.974(0.006) |443.0| 0.918(0.041) | 1.0(0.02,0.008) | 1.0(0.067) |0.472(0.008) |0.98(0.3,+0.004-0.004) |0.969(0.009)| 1.0(+0.0-0.0)| 2092.649(+0.033-0.033,+0.308-0.308)
 8 : 151.992( 5.646)|142.084 |9.908 |202.0 |196.0| 0.974(0.006) |6.0| 0.918(0.041) | 1.0(0.02,0.008) | 1.0(0.066) |0.446(0.043) |0.988(0.3,+0.001-0.001) |0.972(0.007)| 1.0(+0.0-0.0)| 86.526(+0.164-0.164,+0.311-0.311)
 9 : 620.785( 11.424)|600.904 |19.881 |693.0 |671.0| 0.974(0.006) |22.0| 0.918(0.041) | 1.0(0.02,0.008) | 1.0(0.065) |0.584(0.02) |0.987(0.3,+0.006-0.006) |0.972(0.007)| 1.0(+0.0-0.0)| 388.681(+0.068-0.068,+0.309-0.309)
 10 : 24.194( 2.313)|23.996 |0.197 |45.0 |45.0| 0.974(0.006) |0.0| 0.918(0.041) | 1.0(0.02,0.007) | 1.0(0.063) |0.636(0.106) |0.933(0.3,+0.006-0.006) |0.974(0.006)| 1.0(+0.0-0.0)| 25.993(+0.266-0.266,+0.325-0.325)
 11 : 6549.326( 57.384)|5258.935 |1290.391 |11445.0 |8977.0| 0.931(0.015) |2468.0| 0.944(0.021) | 1.0(0.02,0.009) | 1.0(0.07) |0.478(0.01) |0.908(0.3,+0.008-0.008) |0.934(0.016)| 1.0(+0.0-0.0)| 4636.951(+0.023-0.023,+0.31-0.31)
 12 : 2272.924( 22.068)|1784.527 |488.397 |3318.0 |2584.0| 0.931(0.015) |734.0| 0.944(0.021) | 1.0(0.02,0.009) | 1.0(0.071) |0.448(0.011) |0.95(0.3,+0.005-0.005) |0.934(0.016)| 1.0(+0.0-0.0)| 1319.659(+0.044-0.044,+0.31-0.31)
 13 : 207.097( 6.439)|173.387 |33.71 |262.0 |216.0| 0.931(0.015) |46.0| 0.944(0.021) | 1.0(0.02,0.009) | 1.0(0.069) |0.48(0.037) |0.946(0.3,+0.005-0.005) |0.934(0.016)| 1.0(+0.0-0.0)| 111.05(+0.146-0.146,+0.311-0.311)
 14 : 5690.237( 47.543)|4701.299 |988.939 |9458.0 |7662.0| 0.947(0.013) |1796.0| 0.932(0.032) | 1.0(0.02,0.009) | 1.0(0.07) |0.465(0.009) |0.928(0.3,+0.004-0.004) |0.944(0.017)| 1.0(+0.0-0.0)| 3849.774(+0.025-0.025,+0.309-0.309)
 15 : 5303.99( 34.076)|4429.565 |874.425 |7678.0 |6309.0| 0.947(0.013) |1369.0| 0.932(0.032) | 1.0(0.02,0.009) | 1.0(0.069) |0.45(0.007) |0.933(0.3,+0.005-0.005) |0.944(0.017)| 1.0(+0.0-0.0)| 3045.453(+0.029-0.029,+0.309-0.309)
 16 : 478.757( 9.87)|412.14 |66.617 |540.0 |455.0| 0.947(0.013) |85.0| 0.932(0.032) | 1.0(0.02,0.009) | 1.0(0.069) |0.45(0.024) |0.963(0.3,+0.004-0.004) |0.944(0.016)| 1.0(+0.0-0.0)| 221.035(+0.105-0.105,+0.31-0.31)
 17 : 1051.491( 14.804)|960.215 |91.276 |1328.0 |1179.0| 0.974(0.006) |149.0| 0.918(0.041) | 1.0(0.02,0.008) | 1.0(0.067) |0.425(0.016) |0.938(0.3,+0.006-0.006) |0.968(0.01)| 1.0(+0.0-0.0)| 512.191(+0.071-0.071,+0.309-0.309)
 18 : 152.792( 5.629)|140.454 |12.338 |181.0 |166.0| 0.974(0.006) |15.0| 0.918(0.041) | 1.0(0.02,0.008) | 1.0(0.067) |0.414(0.043) |0.969(0.3,+0.003-0.003) |0.969(0.009)| 1.0(+0.0-0.0)| 70.478(+0.191-0.191,+0.311-0.311)
 19 : 204.486( 6.526)|198.905 |5.581 |261.0 |249.0| 0.974(0.006) |12.0| 0.918(0.041) | 1.0(0.02,0.008) | 1.0(0.065) |0.532(0.036) |0.951(0.3,+0.013-0.013) |0.972(0.008)| 1.0(+0.0-0.0)| 128.196(+0.126-0.126,+0.31-0.31)
 20 : 25.009( 2.284)|24.193 |0.817 |29.0 |28.0| 0.974(0.006) |1.0| 0.918(0.041) | 1.0(0.02,0.008) | 1.0(0.065) |0.501(0.105) |0.891(0.3,+0.038-0.038) |0.972(0.007)| 1.0(+0.0-0.0)| 12.576(+0.428-0.428,+0.327-0.327)
 21 : 341.621( 12.875)|263.562 |78.058 |667.0 |515.0| 0.931(0.015) |152.0| 0.944(0.021) | 1.0(0.02,0.009) | 1.0(0.07) |0.515(0.044) |0.865(0.3,+0.021-0.021) |0.934(0.016)| 1.0(+0.0-0.0)| 277.508(+0.093-0.093,+0.313-0.313)
 22 : 439.34( 10.078)|339.429 |99.912 |755.0 |573.0| 0.931(0.015) |182.0| 0.944(0.021) | 1.0(0.02,0.009) | 1.0(0.071) |0.457(0.026) |0.9(0.3,+0.021-0.021) |0.935(0.017)| 1.0(+0.0-0.0)| 290.47(+0.095-0.095,+0.311-0.311)
 23 : 60.937( 3.453)|48.714 |12.224 |90.0 |73.0| 0.931(0.015) |17.0| 0.944(0.021) | 1.0(0.02,0.009) | 1.0(0.071) |0.506(0.066) |0.929(0.3,+0.027-0.027) |0.934(0.016)| 1.0(+0.0-0.0)| 39.522(+0.24-0.24,+0.318-0.318)
 24 : 253.708( 10.434)|205.799 |47.908 |466.0 |366.0| 0.947(0.013) |100.0| 0.932(0.032) | 1.0(0.02,0.009) | 1.0(0.071) |0.496(0.047) |0.881(0.3,+0.012-0.012) |0.943(0.017)| 1.0(+0.0-0.0)| 192.223(+0.112-0.112,+0.313-0.313)
 25 : 845.557( 13.858)|695.91 |149.648 |1426.0 |1144.0| 0.947(0.013) |282.0| 0.932(0.032) | 1.0(0.02,0.009) | 1.0(0.07) |0.44(0.018) |0.888(0.3,+0.011-0.011) |0.944(0.017)| 1.0(+0.0-0.0)| 525.273(+0.072-0.072,+0.31-0.31)
 26 : 146.994( 5.469)|122.982 |24.012 |199.0 |165.0| 0.947(0.013) |34.0| 0.932(0.032) | 1.0(0.02,0.009) | 1.0(0.07) |0.454(0.044) |0.939(0.3,+0.014-0.014) |0.944(0.016)| 1.0(+0.0-0.0)| 80.015(+0.176-0.176,+0.313-0.313)
 27 : 109.094( 4.744)|101.046 |8.048 |165.0 |143.0| 0.974(0.006) |22.0| 0.918(0.041) | 1.0(0.02,0.009) | 1.0(0.067) |0.4(0.048) |0.878(0.3,+0.016-0.016) |0.967(0.011)| 1.0(+0.0-0.0)| 56.005(+0.229-0.229,+0.312-0.312)
 28 : 46.658( 3.092)|42.089 |4.569 |68.0 |62.0| 0.974(0.006) |6.0| 0.918(0.041) | 1.0(0.02,0.008) | 1.0(0.066) |0.395(0.077) |0.95(0.3,+0.011-0.011) |0.969(0.009)| 1.0(+0.0-0.0)| 24.758(+0.333-0.333,+0.318-0.318)
 29 : 28.175( 2.401)|27.002 |1.173 |29.0 |28.0| 0.974(0.006) |1.0| 0.918(0.041) | 1.0(0.02,0.008) | 1.0(0.064) |0.422(0.098) |0.895(0.3,+0.033-0.033) |0.972(0.007)| 1.0(+0.0-0.0)| 10.663(+0.505-0.505,+0.324-0.324)
 30 : 7.594( 1.316)|7.407 |0.187 |16.0 |16.0| 0.974(0.006) |0.0| 0.918(0.041) | 1.0(0.02,0.007) | 1.0(0.063) |0.421(0.201) |0.851(0.3,+0.065-0.065) |0.974(0.006)| 1.0(+0.0-0.0)| 5.579(+0.777-0.777,+0.373-0.373)
 31 : 33.868( 2.898)|26.753 |7.116 |63.0 |43.0| 0.931(0.015) |20.0| 0.944(0.021) | 1.0(0.02,0.01) | 1.0(0.07) |0.457(0.026) |0.773(0.3,+0.108-0.108) |0.935(0.017)| 1.0(+0.0-0.0)| 20.838(+0.381-0.381,+0.329-0.329)
 32 : 10.053( 1.405)|8.022 |2.032 |20.0 |13.0| 0.931(0.015) |7.0| 0.944(0.021) | 1.0(0.02,0.01) | 1.0(0.07) |0.506(0.066) |0.911(0.3,+0.032-0.032) |0.936(0.017)| 1.0(+0.0-0.0)| 8.626(+0.518-0.518,+0.318-0.318)
 33 : 57.043( 3.687)|45.818 |11.226 |114.0 |85.0| 0.947(0.013) |29.0| 0.932(0.032) | 1.0(0.02,0.009) | 1.0(0.071) |0.44(0.018) |0.858(0.3,+0.024-0.024) |0.943(0.018)| 1.0(+0.0-0.0)| 40.555(+0.263-0.263,+0.311-0.311)
 34 : 23.893( 2.217)|19.367 |4.527 |40.0 |31.0| 0.947(0.013) |9.0| 0.932(0.032) | 1.0(0.02,0.009) | 1.0(0.071) |0.454(0.044) |0.955(0.3,+0.028-0.028) |0.943(0.017)| 1.0(+0.0-0.0)| 16.351(+0.387-0.387,+0.314-0.314)
 35 : 6.336( 1.127)|5.277 |1.06 |12.0 |11.0| 0.974(0.006) |1.0| 0.918(0.041) | 1.0(0.02,0.008) | 1.0(0.071) |0.4(0.048) |0.899(0.3,+0.029-0.029) |0.969(0.009)| 1.0(+0.0-0.0)| 4.183(+0.828-0.828,+0.314-0.314)
 36 : 7.921( 1.257)|6.962 |0.959 |13.0 |12.0| 0.974(0.006) |1.0| 0.918(0.041) | 1.0(0.02,0.008) | 1.0(0.064) |0.395(0.077) |0.879(0.3,+0.063-0.063) |0.97(0.009)| 1.0(+0.0-0.0)| 4.383(+0.823-0.823,+0.323-0.323)
 37 : 1.617( 0.572)|1.419 |0.197 |5.0 |5.0| 0.974(0.006) |0.0| 0.918(0.041) | 1.0(0.02,0.007) | 1.0(0.064) |0.422(0.098) |0.893(0.3,+0.097-0.097) |0.974(0.006)| 1.0(+0.0-0.0)| 1.836(+1.52-1.52,+0.337-0.337)
 38 : 0.623( 0.36)|0.623 |0.0 |1.0 |1.0| 0.974(0.006) |0.0| 0.918(0.041) | 1.0(0.02,0.007) | 1.0(0.055) |0.421(0.201) |0.851(0.3,+0.065-0.065) |0.974(0.006)| 1.0(+0.0-0.0)| 0.349(+5.582-5.582,+0.371-0.371)
 39 : 0.906( 0.418)|0.502 |0.404 |6.0 |3.0| 0.931(0.015) |3.0| 0.944(0.021) | 1.0(0.02,0.011) | 1.0(0.069) |0.457(0.026) |0.773(0.3,+0.108-0.108) |0.938(0.018)| 1.0(+0.0-0.0)| 1.989(+1.231-1.231,+0.329-0.329)
 40 : 1.35( 0.513)|1.017 |0.333 |3.0 |3.0| 0.931(0.015) |0.0| 0.944(0.021) | 1.0(0.02,0.007) | 1.0(0.069) |0.506(0.066) |0.911(0.3,+0.032-0.032) |0.931(0.015)| 1.0(+0.0-0.0)| 1.288(+1.868-1.868,+0.317-0.317)
 41 : 1.422( 0.538)|1.016 |0.406 |3.0 |3.0| 0.947(0.013) |0.0| 0.932(0.032) | 1.0(0.02,0.007) | 1.0(0.058) |0.44(0.018) |0.858(0.3,+0.024-0.024) |0.947(0.013)| 1.0(+0.0-0.0)| 1.071(+2.246-2.246,+0.308-0.308)
 42 : 3.248( 0.813)|3.248 |0.0 |5.0 |2.0| 0.947(0.013) |3.0| 0.932(0.032) | 1.0(0.02,0.012) | 1.0(0.06) |0.454(0.044) |0.955(0.3,+0.028-0.028) |0.938(0.024)| 1.0(+0.0-0.0)| 2.032(+1.1-1.1,+0.312-0.312)
 43 : 0.363( 0.363)|0.363 |0.0 |0.0 |0.0| 0.974(0.006) |0.0| 0.918(0.041) | 1.0(0.02,0.0) | 1.0(0.071) |0.4(0.048) |0.899(0.3,+0.029-0.029) |1.0(0.0)| 1.0(+0.0-0.0)| 0.0(+0.944-0.944,+0.314-0.314)
 44 : 1.032( 0.462)|0.834 |0.197 |1.0 |1.0| 0.974(0.006) |0.0| 0.918(0.041) | 1.0(0.02,0.007) | 1.0(0.061) |0.395(0.077) |0.879(0.3,+0.063-0.063) |0.974(0.006)| 1.0(+0.0-0.0)| 0.339(+5.748-5.748,+0.323-0.323)
 45 : 0.0( 0.0)|0.0 |0.0 |0.0 |0.0| 0.974(0.006) |0.0| 0.918(0.041) | 1.0(0.02,0.0) | 1.0(0.0) |0.422(0.098) |0.893(0.3,+0.097-0.097) |1.0(0.0)| 1.0(+0.0-0.0)| 0.0(+0.998-0.998,+0.331-0.331)
 46 : 0.206( 0.206)|0.206 |0.0 |1.0 |1.0| 0.974(0.006) |0.0| 0.918(0.041) | 1.0(0.02,0.007) | 1.0(0.058) |0.421(0.201) |0.967(0.3,+0.002-0.002) |0.974(0.006)| 1.0(+0.0-0.0)| 0.397(+4.909-4.909,+0.366-0.366)

binIndex
[1, 2, 3, 4, 5, 6, 7, 8, 9, 10, 11, 12, 13, 14, 15, 16, 17, 18, 19, 20, 21, 22, 23, 24, 25, 26, 27, 28, 29, 30, 31, 32, 33, 34, 35, 36, 37, 38, 39, 40, 41, 42, 43, 44, 45, 46]
------------------------------------------------------
nMCGJ
[39441.2231809441, 2940.4178920248523, 216.62733391672373, 36772.77555057313, 8353.814573189244, 501.2521987548098, 3581.8461478091776, 151.99179815500975, 620.785109039396, 24.193815916776657, 6549.325579345226, 2272.9238535659388, 207.09712807834148, 5690.23733080551, 5303.99009645544, 478.7569589363411, 1051.490908011794, 152.7918333336711, 204.48580227792263, 25.00919833779335, 341.6206888332963, 439.340463809669, 60.93749662861228, 253.7076362594962, 845.5572013482451, 146.99373449757695, 109.0940415225923, 46.65818636864424, 28.174697533249855, 7.594363823533058, 33.86815384030342, 10.05342198908329, 57.04342808574438, 23.89334961026907, 6.336369328200817, 7.920959025621414, 1.6167498677968979, 0.6227479577064514, 0.9064677879214287, 1.3502853214740753, 1.4222881197929382, 3.2483184337615967, 0.3632037937641144, 1.0317031741142273, 0.0, 0.20600564777851105]
------------------------------------------------------
nMCerr
[158.761048859585, 24.71632168599318, 6.6115767843952575, 128.42647384780372, 42.56919798411875, 10.132364671709981, 27.56637236609562, 5.646457335535113, 11.423865748488106, 2.312989994520438, 57.38441415208153, 22.068151363509507, 6.439398514874782, 47.54322483913194, 34.0758558200445, 9.87039263433634, 14.804371738490557, 5.628939880531012, 6.525580711462909, 2.283934698105007, 12.875197040890933, 10.078243796816674, 3.4534850678688853, 10.434234739289558, 13.857889050868511, 5.469452959403152, 4.743781008900794, 3.091876035379796, 2.4006242763665426, 1.3157749055361914, 2.8978686368500837, 1.4047655695891677, 3.6872698923558094, 2.217242943531534, 1.1268646491399077, 1.256529974723632, 0.5720754320815133, 0.3595644512561978, 0.4179613749658918, 0.5127383850218568, 0.5376698556493883, 0.8128748264647472, 0.3632037937641144, 0.46151881693894437, 0.0, 0.20600564777851105]
------------------------------------------------------
nMCEBt
[31789.700318990275, 2375.1302231522277, 180.55503022670746, 30729.224572791718, 7105.062042621896, 438.5915956450626, 3286.245283264667, 142.08359225839376, 600.9038688205183, 23.996330216526985, 5258.934806469828, 1784.5269468249753, 173.38686081022024, 4701.2986388821155, 4429.565447946079, 412.139831722714, 960.2153130322695, 140.45396799594164, 198.90484058856964, 24.192542791366577, 263.56247955560684, 339.4288590103388, 48.71391671895981, 205.79929222166538, 695.9096727780998, 122.98212332651019, 101.04588689282537, 42.089155077934265, 27.002132460474968, 7.407328233122826, 26.752589747309685, 8.021867386996746, 45.81788286566734, 19.36655029654503, 5.276838511228561, 6.961887985467911, 1.419264167547226, 0.6227479577064514, 0.5023013427853584, 1.017246812582016, 1.0163557082414627, 3.2483184337615967, 0.3632037937641144, 0.8342174738645554, 0.0, 0.20600564777851105]
------------------------------------------------------
nMCECt
[7651.522861953825, 565.2876688726246, 36.07230369001627, 6043.550977781415, 1248.752530567348, 62.66060310974717, 295.60086454451084, 9.908205896615982, 19.881240218877792, 0.19748570024967194, 1290.3907728753984, 488.39690674096346, 33.71026726812124, 988.9386919233948, 874.4246485093608, 66.6171272136271, 91.27559497952461, 12.337865337729454, 5.580961689352989, 0.8166555464267731, 78.05820927768946, 99.91160479933023, 12.223579909652472, 47.90834403783083, 149.64752857014537, 24.01161117106676, 8.048154629766941, 4.569031290709972, 1.172565072774887, 0.18703559041023254, 7.115564092993736, 2.031554602086544, 11.225545220077038, 4.526799313724041, 1.0595308169722557, 0.9590710401535034, 0.19748570024967194, 0.0, 0.40416644513607025, 0.3330385088920593, 0.4059324115514755, 0.0, 0.0, 0.19748570024967194, 0.0, 0.0]
------------------------------------------------------
Nobs
[69850.0, 3824.0, 250.0, 60337.0, 11131.0, 549.0, 4664.0, 202.0, 693.0, 45.0, 11445.0, 3318.0, 262.0, 9458.0, 7678.0, 540.0, 1328.0, 181.0, 261.0, 29.0, 667.0, 755.0, 90.0, 466.0, 1426.0, 199.0, 165.0, 68.0, 29.0, 16.0, 63.0, 20.0, 114.0, 40.0, 12.0, 13.0, 5.0, 1.0, 6.0, 3.0, 3.0, 5.0, 0.0, 1.0, 0.0, 1.0]
------------------------------------------------------
nEB
[55112.0, 3062.0, 209.0, 49126.0, 9324.0, 485.0, 4221.0, 196.0, 671.0, 45.0, 8977.0, 2584.0, 216.0, 7662.0, 6309.0, 455.0, 1179.0, 166.0, 249.0, 28.0, 515.0, 573.0, 73.0, 366.0, 1144.0, 165.0, 143.0, 62.0, 28.0, 16.0, 43.0, 13.0, 85.0, 31.0, 11.0, 12.0, 5.0, 1.0, 3.0, 3.0, 3.0, 2.0, 0.0, 1.0, 0.0, 1.0]
------------------------------------------------------
pEB
[0.9314974434336666, 0.9314974434336666, 0.9314974434336666, 0.9465496181459999, 0.9465496181459999, 0.9465496181459999, 0.9740882583786666, 0.9740882583786666, 0.9740882583786666, 0.9740882583786666, 0.9314974434336666, 0.9314974434336666, 0.9314974434336666, 0.9465496181459999, 0.9465496181459999, 0.9465496181459999, 0.9740882583786666, 0.9740882583786666, 0.9740882583786666, 0.9740882583786666, 0.9314974434336666, 0.9314974434336666, 0.9314974434336666, 0.9465496181459999, 0.9465496181459999, 0.9465496181459999, 0.9740882583786666, 0.9740882583786666, 0.9740882583786666, 0.9740882583786666, 0.9314974434336666, 0.9314974434336666, 0.9465496181459999, 0.9465496181459999, 0.9740882583786666, 0.9740882583786666, 0.9740882583786666, 0.9740882583786666, 0.9314974434336666, 0.9314974434336666, 0.9465496181459999, 0.9465496181459999, 0.9740882583786666, 0.9740882583786666, 0.9740882583786666, 0.9740882583786666]
------------------------------------------------------
pEBerr
[0.015072253728269504, 0.015072253728269504, 0.015072253728269504, 0.013226805530303264, 0.013226805530303264, 0.013226805530303264, 0.006157378159603083, 0.006157378159603083, 0.006157378159603083, 0.006157378159603083, 0.015072253728269504, 0.015072253728269504, 0.015072253728269504, 0.013226805530303264, 0.013226805530303264, 0.013226805530303264, 0.006157378159603083, 0.006157378159603083, 0.006157378159603083, 0.006157378159603083, 0.015072253728269504, 0.015072253728269504, 0.015072253728269504, 0.013226805530303264, 0.013226805530303264, 0.013226805530303264, 0.006157378159603083, 0.006157378159603083, 0.006157378159603083, 0.006157378159603083, 0.015072253728269504, 0.015072253728269504, 0.013226805530303264, 0.013226805530303264, 0.006157378159603083, 0.006157378159603083, 0.006157378159603083, 0.006157378159603083, 0.015072253728269504, 0.015072253728269504, 0.013226805530303264, 0.013226805530303264, 0.006157378159603083, 0.006157378159603083, 0.006157378159603083, 0.006157378159603083]
------------------------------------------------------
nEC
[14738.0, 762.0, 41.0, 11211.0, 1807.0, 64.0, 443.0, 6.0, 22.0, 0.0, 2468.0, 734.0, 46.0, 1796.0, 1369.0, 85.0, 149.0, 15.0, 12.0, 1.0, 152.0, 182.0, 17.0, 100.0, 282.0, 34.0, 22.0, 6.0, 1.0, 0.0, 20.0, 7.0, 29.0, 9.0, 1.0, 1.0, 0.0, 0.0, 3.0, 0.0, 0.0, 3.0, 0.0, 0.0, 0.0, 0.0]
------------------------------------------------------
pEC
[0.9440603120246666, 0.9440603120246666, 0.9440603120246666, 0.932038118126, 0.932038118126, 0.932038118126, 0.9184040365386666, 0.9184040365386666, 0.9184040365386666, 0.9184040365386666, 0.9440603120246666, 0.9440603120246666, 0.9440603120246666, 0.932038118126, 0.932038118126, 0.932038118126, 0.9184040365386666, 0.9184040365386666, 0.9184040365386666, 0.9184040365386666, 0.9440603120246666, 0.9440603120246666, 0.9440603120246666, 0.932038118126, 0.932038118126, 0.932038118126, 0.9184040365386666, 0.9184040365386666, 0.9184040365386666, 0.9184040365386666, 0.9440603120246666, 0.9440603120246666, 0.932038118126, 0.932038118126, 0.9184040365386666, 0.9184040365386666, 0.9184040365386666, 0.9184040365386666, 0.9440603120246666, 0.9440603120246666, 0.932038118126, 0.932038118126, 0.9184040365386666, 0.9184040365386666, 0.9184040365386666, 0.9184040365386666]
------------------------------------------------------
pECerr
[0.021105791750318625, 0.021105791750318625, 0.021105791750318625, 0.0321286794580989, 0.0321286794580989, 0.0321286794580989, 0.04054784058551863, 0.04054784058551863, 0.04054784058551863, 0.04054784058551863, 0.021105791750318625, 0.021105791750318625, 0.021105791750318625, 0.0321286794580989, 0.0321286794580989, 0.0321286794580989, 0.04054784058551863, 0.04054784058551863, 0.04054784058551863, 0.04054784058551863, 0.021105791750318625, 0.021105791750318625, 0.021105791750318625, 0.0321286794580989, 0.0321286794580989, 0.0321286794580989, 0.04054784058551863, 0.04054784058551863, 0.04054784058551863, 0.04054784058551863, 0.021105791750318625, 0.021105791750318625, 0.0321286794580989, 0.0321286794580989, 0.04054784058551863, 0.04054784058551863, 0.04054784058551863, 0.04054784058551863, 0.021105791750318625, 0.021105791750318625, 0.0321286794580989, 0.0321286794580989, 0.04054784058551863, 0.04054784058551863, 0.04054784058551863, 0.04054784058551863]
------------------------------------------------------
trigW
[1.0, 1.0, 1.0, 1.0, 1.0, 1.0, 1.0, 1.0, 1.0, 1.0, 1.0, 1.0, 1.0, 1.0, 1.0, 1.0, 1.0, 1.0, 1.0, 1.0, 1.0, 1.0, 1.0, 1.0, 1.0, 1.0, 1.0, 1.0, 1.0, 1.0, 1.0, 1.0, 1.0, 1.0, 1.0, 1.0, 1.0, 1.0, 1.0, 1.0, 1.0, 1.0, 1.0, 1.0, 1.0, 1.0]
------------------------------------------------------
trigWsysErr
[0.02, 0.02, 0.02, 0.02, 0.02, 0.02, 0.02, 0.02, 0.02, 0.02, 0.02, 0.02, 0.02, 0.02, 0.02, 0.02, 0.02, 0.02, 0.02, 0.02, 0.02, 0.02, 0.02, 0.02, 0.02, 0.02, 0.02, 0.02, 0.02, 0.02, 0.02, 0.02, 0.02, 0.02, 0.02, 0.02, 0.02, 0.02, 0.02, 0.02, 0.02, 0.02, 0.02, 0.02, 0.02, 0.02]
------------------------------------------------------
trigWerr
[0.009108551151324267, 0.009017652515690377, 0.00874428876, 0.008913312031754977, 0.008731417396460335, 0.00837669790528233, 0.00820933059819897, 0.0077033403960396025, 0.007719176349206349, 0.00747311, 0.009144555183049366, 0.009187787534659432, 0.008833988396946565, 0.008944981182068091, 0.008855142066944516, 0.008693188981481482, 0.00834277295933735, 0.008115465524861878, 0.007829481954022988, 0.007740388965517242, 0.009239475337331335, 0.00934158467549669, 0.008937204777777779, 0.009136434034334763, 0.009005934249649369, 0.008797416834170855, 0.008506588666666667, 0.008157029705882352, 0.007740388965517242, 0.00747311, 0.00993377349206349, 0.0101859915, 0.00944487850877193, 0.00921710525, 0.008119034166666666, 0.008069347692307691, 0.00747311, 0.00747311, 0.011348655, 0.007473110000000001, 0.007473110000000001, 0.012123764, 0.0, 0.00747311, 0.0, 0.00747311]
------------------------------------------------------
SF
[1.0, 1.0, 1.0, 1.0, 1.0, 1.0, 1.0, 1.0, 1.0, 1.0, 1.0, 1.0, 1.0, 1.0, 1.0, 1.0, 1.0, 1.0, 1.0, 1.0, 1.0, 1.0, 1.0, 1.0, 1.0, 1.0, 1.0, 1.0, 1.0, 1.0, 1.0, 1.0, 1.0, 1.0, 1.0, 1.0, 1.0, 1.0, 1.0, 1.0, 1.0, 1.0, 1.0, 1.0, 1.0, 1.0]
------------------------------------------------------
SFerr
[0.07028955078399224, 0.07021783301577855, 0.06772614358737249, 0.06922521474958926, 0.06891558143744182, 0.06774212164944984, 0.06672474346847489, 0.06599246186700809, 0.0651132177801648, 0.06323768455924662, 0.07047962502364996, 0.07080287157283785, 0.06932618979542202, 0.06961417076650613, 0.06942626790737783, 0.06870148662280622, 0.06687865375123693, 0.06744222889312199, 0.06511056237187787, 0.06481020692313703, 0.07020904913347803, 0.07116148627165185, 0.07134565770610957, 0.07144381018673183, 0.06966768369668563, 0.06996415886436395, 0.06674226630736099, 0.06620801952852297, 0.06404140627833753, 0.0625609774074885, 0.07007996573174659, 0.06961828070608637, 0.07138295335147034, 0.07050930818113536, 0.07056730719126994, 0.06383313363453522, 0.06393629842604293, 0.05505654265815452, 0.06937799261596735, 0.06869629038586877, 0.05804910370214981, 0.05988981005829738, 0.07104384320520242, 0.06124503785681388, 0.0, 0.05788722432787413]
------------------------------------------------------
ZgR
[0.46350778287943645, 0.4585916718411096, 0.5212516906200825, 0.4747078390293334, 0.4650317090346815, 0.466760591052566, 0.4723586837045961, 0.44598642705130204, 0.5844197136350033, 0.6357155266229124, 0.4778324050584136, 0.447955766308646, 0.47990847835098627, 0.46472073118347035, 0.4503595870551128, 0.4502211372226569, 0.42481400317036494, 0.4143144544314831, 0.5315369936948011, 0.5008951771474104, 0.5147264753350653, 0.45737382988565445, 0.5060738234601773, 0.4962031919392875, 0.4395042059034115, 0.45367032716448724, 0.3998273483351464, 0.39528831041271967, 0.4223610125886563, 0.420798358957863, 0.45737382988565445, 0.5060738234601773, 0.4395042059034115, 0.45367032716448724, 0.3998273483351464, 0.39528831041271967, 0.4223610125886563, 0.420798358957863, 0.45737382988565445, 0.5060738234601773, 0.4395042059034115, 0.45367032716448724, 0.3998273483351464, 0.39528831041271967, 0.4223610125886563, 0.420798358957863]
------------------------------------------------------
REr1
[0.004606095909068018, 0.009380993647977932, 0.035742892993056025, 0.003925198285866099, 0.005620376114663667, 0.02372106056019009, 0.008380986191943994, 0.04278424411924646, 0.020136012329760256, 0.10629772305840933, 0.010033817007724079, 0.010897359608174504, 0.03674341318860537, 0.009438620287749678, 0.00714753118275134, 0.024242695068737632, 0.015588487649591495, 0.04283405007137794, 0.03588569717395583, 0.10474722588212677, 0.043569752801130956, 0.02589425207384052, 0.06624733961866812, 0.04678369249392635, 0.018425926318531512, 0.043536563279747975, 0.04839519540396102, 0.0771420169125967, 0.0976587625018547, 0.20077350034522937, 0.02589425207384052, 0.06624733961866812, 0.018425926318531512, 0.043536563279747975, 0.04839519540396102, 0.0771420169125967, 0.0976587625018547, 0.20077350034522937, 0.02589425207384052, 0.06624733961866812, 0.018425926318531512, 0.043536563279747975, 0.04839519540396102, 0.0771420169125967, 0.0976587625018547, 0.20077350034522937]
------------------------------------------------------
f
[0.972623016683, 0.980247218149, 0.976385796318, 0.971604956443, 0.980117806052, 0.986261616817, 0.980465385921, 0.987674893849, 0.987019258, 0.9327849345, 0.907607877202, 0.950330837233, 0.945909675462, 0.928039958782, 0.933017544812, 0.962827005639, 0.938060873667, 0.969416300773, 0.951137865027, 0.890546150898, 0.865083474782, 0.900100821186, 0.929171599497, 0.881146465829, 0.888132638329, 0.938802522176, 0.878205099289, 0.950368331299, 0.895465042805, 0.850674480001, 0.773058774263, 0.910582821779, 0.858479873744, 0.955198514846, 0.899395869929, 0.879408796982, 0.892549979777, 0.850674480001, 0.773058774263, 0.910582821779, 0.858479873744, 0.955198514846, 0.899395869929, 0.879408796982, 0.892549979777, 0.967403988273]
------------------------------------------------------
fsysErr
[0.3, 0.3, 0.3, 0.3, 0.3, 0.3, 0.3, 0.3, 0.3, 0.3, 0.3, 0.3, 0.3, 0.3, 0.3, 0.3, 0.3, 0.3, 0.3, 0.3, 0.3, 0.3, 0.3, 0.3, 0.3, 0.3, 0.3, 0.3, 0.3, 0.3, 0.3, 0.3, 0.3, 0.3, 0.3, 0.3, 0.3, 0.3, 0.3, 0.3, 0.3, 0.3, 0.3, 0.3, 0.3, 0.3]
------------------------------------------------------
ferrUp
[0.0037090960713464004, 0.0034780607218328967, 0.0013879267249179024, 0.0018844041323161065, 0.0022252202425187737, 0.001520573318365552, 0.0037201748652796337, 0.0014121367478773159, 0.005657894555072603, 0.0058561224311133005, 0.00750460457627129, 0.005271955543247971, 0.005074476593693359, 0.003796406495334558, 0.005088507660096187, 0.004015259594265586, 0.006479589262516991, 0.003474481831339359, 0.012670192788989537, 0.03804035935435772, 0.021240902520338303, 0.021274828323640516, 0.026948563571309248, 0.011887645783434132, 0.010876814791217625, 0.014126829584415707, 0.0161245929451612, 0.011498275198694532, 0.03281739930265418, 0.06452814198979552, 0.10825328080142764, 0.03185804214966909, 0.023888862901421438, 0.02779153760910097, 0.02873151274892994, 0.06311341673096323, 0.09677525045855793, 0.06452814198979552, 0.10825328080142764, 0.03185804214966909, 0.023888862901421438, 0.02779153760910097, 0.02873151274892994, 0.06311341673096323, 0.09677525045855793, 0.0019457421049610272]
------------------------------------------------------
ferrDn
[0.0037090960713464004, 0.0034780607218328967, 0.0013879267249179024, 0.0018844041323161065, 0.0022252202425187737, 0.001520573318365552, 0.0037201748652796337, 0.0014121367478773159, 0.005657894555072603, 0.0058561224311133005, 0.00750460457627129, 0.005271955543247971, 0.005074476593693359, 0.003796406495334558, 0.005088507660096187, 0.004015259594265586, 0.006479589262516991, 0.003474481831339359, 0.012670192788989537, 0.03804035935435772, 0.021240902520338303, 0.021274828323640516, 0.026948563571309248, 0.011887645783434132, 0.010876814791217625, 0.014126829584415707, 0.0161245929451612, 0.011498275198694532, 0.03281739930265418, 0.06452814198979552, 0.10825328080142764, 0.03185804214966909, 0.023888862901421438, 0.02779153760910097, 0.02873151274892994, 0.06311341673096323, 0.09677525045855793, 0.06452814198979552, 0.10825328080142764, 0.03185804214966909, 0.023888862901421438, 0.02779153760910097, 0.02873151274892994, 0.06311341673096323, 0.09677525045855793, 0.0019457421049610272]
------------------------------------------------------
purity
[0.9341481457571335, 0.9340008183987142, 0.9335577538825905, 0.9438532887506998, 0.9441938297589602, 0.9448579314405718, 0.9687992124363167, 0.9724342715913399, 0.9723205053043807, 0.9740882583786666, 0.9342065006361644, 0.9342765710845992, 0.9337031379191092, 0.9437939981379728, 0.9439621938783026, 0.9442654005502592, 0.9678405557776425, 0.9694735438615396, 0.9715280642710804, 0.972168112797977, 0.9343603460211208, 0.9345258435443448, 0.9338704297230777, 0.9434355623477166, 0.9436798825179215, 0.944070266383789, 0.9666636954666666, 0.969174944686902, 0.972168112797977, 0.9740882583786666, 0.9354856556847776, 0.9358944474405166, 0.9428580962110876, 0.9432845306414999, 0.9694479065586665, 0.9698048566986667, 0.9740882583786666, 0.9740882583786666, 0.9377788777291666, 0.9314974434336666, 0.9465496181459999, 0.9378427181339999, 1.0, 0.9740882583786666, 1.0, 0.9740882583786666]
------------------------------------------------------
pErr
[0.016358808204009062, 0.016287492522998583, 0.01607288587694925, 0.016694930055616664, 0.01625582000213145, 0.015400405668378064, 0.009253964593182342, 0.007122120688466497, 0.007188599284020768, 0.006157378159603083, 0.01638704940597282, 0.016420955768277217, 0.01614332782511678, 0.016771414628930323, 0.016554468055528987, 0.016163573438140053, 0.009818854028216159, 0.008857283398203476, 0.007652089011622794, 0.007277673241485789, 0.01646148691536312, 0.016541534904846316, 0.016224357457117585, 0.017233999610147176, 0.016918650218829386, 0.01641511197799864, 0.010513852172025025, 0.009032868803979351, 0.007277673241485789, 0.006157378159603083, 0.017005219251491527, 0.01720241737134918, 0.01797999743067702, 0.01742902124284731, 0.008872354668114842, 0.00866258790457488, 0.006157378159603083, 0.006157378159603083, 0.01810922967376175, 0.015072253728269504, 0.013226805530303264, 0.0244977361441935, 0.0, 0.006157378159603083, 0.0, 0.006157378159603083]
------------------------------------------------------
DR
[1.0, 1.0, 1.0, 1.0, 1.0, 1.0, 1.0, 1.0, 1.0, 1.0, 1.0, 1.0, 1.0, 1.0, 1.0, 1.0, 1.0, 1.0, 1.0, 1.0, 1.0, 1.0, 1.0, 1.0, 1.0, 1.0, 1.0, 1.0, 1.0, 1.0, 1.0, 1.0, 1.0, 1.0, 1.0, 1.0, 1.0, 1.0, 1.0, 1.0, 1.0, 1.0, 1.0, 1.0, 1.0, 1.0]
------------------------------------------------------
DRup
[0.0, 0.0, 0.0, 0.0, 0.0, 0.0, 0.0, 0.0, 0.0, 0.0, 0.0, 0.0, 0.0, 0.0, 0.0, 0.0, 0.0, 0.0, 0.0, 0.0, 0.0, 0.0, 0.0, 0.0, 0.0, 0.0, 0.0, 0.0, 0.0, 0.0, 0.0, 0.0, 0.0, 0.0, 0.0, 0.0, 0.0, 0.0, 0.0, 0.0, 0.0, 0.0, 0.0, 0.0, 0.0, 0.0]
------------------------------------------------------
DRlow
[0.0, 0.0, 0.0, 0.0, 0.0, 0.0, 0.0, 0.0, 0.0, 0.0, 0.0, 0.0, 0.0, 0.0, 0.0, 0.0, 0.0, 0.0, 0.0, 0.0, 0.0, 0.0, 0.0, 0.0, 0.0, 0.0, 0.0, 0.0, 0.0, 0.0, 0.0, 0.0, 0.0, 0.0, 0.0, 0.0, 0.0, 0.0, 0.0, 0.0, 0.0, 0.0, 0.0, 0.0, 0.0, 0.0]
------------------------------------------------------
Yield
[29416.008351569573, 1605.5614143090866, 118.78186194261883, 26266.62848031379, 4790.228022728341, 238.7949676361932, 2092.6494739964432, 86.5261304404683, 388.6808670178556, 25.992925619412528, 4636.951328452376, 1319.6592102066563, 111.04990719816726, 3849.7740769065017, 3045.453210015251, 221.035474466366, 512.1907577732221, 70.47822212471424, 128.1955131008044, 12.57600354099835, 277.50751970868026, 290.4696336082694, 39.52200188401542, 192.22320616149565, 525.2730125402715, 80.01511218098791, 56.00512923384416, 24.75808321745143, 10.662813886218013, 5.578991925120635, 20.83826263172655, 8.625617458141527, 40.55499381100761, 16.350713801416482, 4.183397271718516, 4.382606556609264, 1.8360507429747916, 0.34868699532003966, 1.9894614225094513, 1.287763908462493, 1.0714151739935478, 2.032048307911277, 0.0, 0.3386125774446872, 0.0, 0.39653380683424133]
------------------------------------------------------
YstatUp
[0.008984614859002383, 0.03851518776164155, 0.13311281741382422, 0.009351634512630295, 0.022024745782853482, 0.09812078227467913, 0.032634937271855576, 0.16425870810587673, 0.06772881146466884, 0.2659551184792766, 0.023071475027545717, 0.04364921098579556, 0.14575801515398099, 0.02526180689788971, 0.0287721371922769, 0.10513199355599596, 0.07114875417707588, 0.19089051399830922, 0.1260223078845194, 0.42820954920842846, 0.09306538131796104, 0.09459599265761569, 0.240039282634164, 0.11230190972252659, 0.07189102481084206, 0.17630089610769467, 0.22935814548397998, 0.3330714732157758, 0.5050416207765739, 0.7769533519439796, 0.3808980659025379, 0.5184713994913409, 0.2632740693239433, 0.3868060683557959, 0.8280594431125401, 0.822695633042071, 1.5200342872668915, 5.582398319963482, 1.2312325914284177, 1.8683652214783608, 2.245640493477699, 1.100400993812112, 0.9442869019008037, 5.748486106325063, 0.9975054826082539, 4.908811464040901]
------------------------------------------------------
YstatLow
[0.008984614859002383, 0.03851518776164155, 0.13311281741382422, 0.009351634512630295, 0.022024745782853482, 0.09812078227467913, 0.032634937271855576, 0.16425870810587673, 0.06772881146466884, 0.2659551184792766, 0.023071475027545717, 0.04364921098579556, 0.14575801515398099, 0.02526180689788971, 0.0287721371922769, 0.10513199355599596, 0.07114875417707588, 0.19089051399830922, 0.1260223078845194, 0.42820954920842846, 0.09306538131796104, 0.09459599265761569, 0.240039282634164, 0.11230190972252659, 0.07189102481084206, 0.17630089610769467, 0.22935814548397998, 0.3330714732157758, 0.5050416207765739, 0.7769533519439796, 0.3808980659025379, 0.5184713994913409, 0.2632740693239433, 0.3868060683557959, 0.8280594431125401, 0.822695633042071, 1.5200342872668915, 5.582398319963482, 1.2312325914284177, 1.8683652214783608, 2.245640493477699, 1.100400993812112, 0.9442869019008037, 5.748486106325063, 0.9975054826082539, 4.908811464040901]
------------------------------------------------------
YsysUp
[0.30939646212026617, 0.30947898877180724, 0.31080719346832353, 0.30914277662365225, 0.3090734329109372, 0.30961482113334393, 0.3083655314575123, 0.3109623076108692, 0.30852627689745343, 0.3253094919067344, 0.30963935860092884, 0.3096992990188473, 0.3113207280302196, 0.3093718249351829, 0.3092724539001001, 0.3099363765016082, 0.3087454487225175, 0.31135123953096316, 0.3101734315399425, 0.32731069542619157, 0.3131056664054982, 0.31136469825642116, 0.3177235297593832, 0.31339229918596073, 0.309965729701359, 0.31262890721448167, 0.31247324795239106, 0.31782814980462337, 0.3243892653242982, 0.3726681045147059, 0.32876791818740775, 0.31788366968261966, 0.31115623824414906, 0.31373251386451023, 0.31415279244407945, 0.3233404056034257, 0.3368742998953865, 0.37148198222507733, 0.32872378545496767, 0.3174993627937894, 0.3080757808229176, 0.31209247985721594, 0.31402997057668697, 0.3227675781204714, 0.33060956276960635, 0.36627650180222165]
------------------------------------------------------
YsysLow
[0.30939646212026617, 0.30947898877180724, 0.31080719346832353, 0.30914277662365225, 0.3090734329109372, 0.30961482113334393, 0.3083655314575123, 0.3109623076108692, 0.30852627689745343, 0.3253094919067344, 0.30963935860092884, 0.3096992990188473, 0.3113207280302196, 0.3093718249351829, 0.3092724539001001, 0.3099363765016082, 0.3087454487225175, 0.31135123953096316, 0.3101734315399425, 0.32731069542619157, 0.3131056664054982, 0.31136469825642116, 0.3177235297593832, 0.31339229918596073, 0.309965729701359, 0.31262890721448167, 0.31247324795239106, 0.31782814980462337, 0.3243892653242982, 0.3726681045147059, 0.32876791818740775, 0.31788366968261966, 0.31115623824414906, 0.31373251386451023, 0.31415279244407945, 0.3233404056034257, 0.3368742998953865, 0.37148198222507733, 0.32872378545496767, 0.3174993627937894, 0.3080757808229176, 0.31209247985721594, 0.31402997057668697, 0.3227675781204714, 0.33060956276960635, 0.36627650180222165]
------------------------------------------------------