 binIndex : nMCGJ( nMCerr)|nMCEBt |nMCECt |Nobs |nEB| pEB(pEBerr) |nEC| pEC(pECerr) | trigW(trigWsysErr,trigWerr) | SF(SFerr) |ZgR(REr1) |f(fsysErr,+ferrUp-ferrDn) |purity(pErr)| DR(+DRup-DRlow)| Yield(+YstatUp-YstatLow,+YsysUp-YsysLow)
 1 : 33086.919( 139.022)|25730.946 |7355.973 |58385.0 |44257.0| 0.966(0.013) |14128.0| 0.935(0.048) | 1.0(0.02,0.014) | 1.0(0.058) |0.43(0.005) |0.973(0.3,+0.004-0.004) |0.958(0.021)| 1.0(+0.0-0.0)| 23408.843(+0.01-0.01,+0.307-0.307)
 2 : 2441.033( 18.634)|1906.218 |534.815 |3309.0 |2557.0| 0.966(0.013) |752.0| 0.935(0.048) | 1.0(0.02,0.014) | 1.0(0.058) |0.422(0.009) |0.98(0.3,+0.003-0.003) |0.959(0.021)| 1.0(+0.0-0.0)| 1313.678(+0.044-0.044,+0.307-0.307)
 3 : 177.092( 4.777)|143.538 |33.554 |199.0 |166.0| 0.966(0.013) |33.0| 0.935(0.048) | 1.0(0.02,0.012) | 1.0(0.057) |0.431(0.031) |0.976(0.3,+0.001-0.001) |0.961(0.019)| 1.0(+0.0-0.0)| 80.392(+0.175-0.175,+0.308-0.308)
 4 : 30476.628( 114.062)|24569.054 |5907.574 |49425.0 |39069.0| 0.957(0.031) |10356.0| 0.953(0.035) | 1.0(0.02,0.013) | 1.0(0.057) |0.431(0.004) |0.972(0.3,+0.002-0.002) |0.956(0.032)| 1.0(+0.0-0.0)| 19777.718(+0.011-0.011,+0.308-0.308)
 5 : 6775.838( 31.851)|5596.903 |1178.935 |9399.0 |7700.0| 0.957(0.031) |1699.0| 0.953(0.035) | 1.0(0.02,0.013) | 1.0(0.056) |0.431(0.005) |0.98(0.3,+0.002-0.002) |0.957(0.032)| 1.0(+0.0-0.0)| 3799.335(+0.026-0.026,+0.308-0.308)
 6 : 394.577( 7.183)|335.801 |58.776 |402.0 |351.0| 0.957(0.031) |51.0| 0.953(0.035) | 1.0(0.02,0.011) | 1.0(0.056) |0.45(0.021) |0.986(0.3,+0.002-0.002) |0.957(0.032)| 1.0(+0.0-0.0)| 170.568(+0.118-0.118,+0.308-0.308)
 7 : 2894.775( 20.093)|2595.502 |299.274 |3764.0 |3358.0| 0.978(0.016) |406.0| 0.914(0.081) | 1.0(0.02,0.011) | 1.0(0.054) |0.438(0.008) |0.98(0.3,+0.004-0.004) |0.971(0.022)| 1.0(+0.0-0.0)| 1568.793(+0.039-0.039,+0.307-0.307)
 8 : 122.072( 4.008)|110.992 |11.08 |143.0 |135.0| 0.978(0.016) |8.0| 0.914(0.081) | 1.0(0.02,0.01) | 1.0(0.053) |0.492(0.038) |0.988(0.3,+0.001-0.001) |0.974(0.019)| 1.0(+0.0-0.0)| 67.756(+0.176-0.176,+0.308-0.308)
 9 : 531.12( 8.384)|511.606 |19.514 |596.0 |564.0| 0.978(0.016) |32.0| 0.914(0.081) | 1.0(0.02,0.01) | 1.0(0.053) |0.462(0.018) |0.987(0.3,+0.006-0.006) |0.975(0.019)| 1.0(+0.0-0.0)| 264.617(+0.092-0.092,+0.307-0.307)
 10 : 22.712( 1.737)|22.073 |0.639 |27.0 |27.0| 0.978(0.016) |0.0| 0.914(0.081) | 1.0(0.02,0.008) | 1.0(0.053) |0.55(0.086) |0.933(0.3,+0.006-0.006) |0.978(0.016)| 1.0(+0.0-0.0)| 13.543(+0.403-0.403,+0.318-0.318)
 11 : 6193.27( 54.332)|4756.42 |1436.849 |9253.0 |6893.0| 0.966(0.013) |2360.0| 0.935(0.048) | 1.0(0.02,0.014) | 1.0(0.059) |0.437(0.01) |0.908(0.3,+0.008-0.008) |0.958(0.022)| 1.0(+0.0-0.0)| 3513.217(+0.027-0.027,+0.308-0.308)
 12 : 2187.439( 18.385)|1669.842 |517.597 |2688.0 |2062.0| 0.966(0.013) |626.0| 0.935(0.048) | 1.0(0.02,0.014) | 1.0(0.058) |0.436(0.01) |0.95(0.3,+0.005-0.005) |0.959(0.021)| 1.0(+0.0-0.0)| 1068.552(+0.049-0.049,+0.308-0.308)
 13 : 188.478( 4.915)|151.11 |37.369 |195.0 |160.0| 0.966(0.013) |35.0| 0.935(0.048) | 1.0(0.02,0.013) | 1.0(0.057) |0.458(0.03) |0.946(0.3,+0.005-0.005) |0.96(0.019)| 1.0(+0.0-0.0)| 81.058(+0.172-0.172,+0.308-0.308)
 14 : 5313.071( 45.064)|4235.368 |1077.703 |7521.0 |5848.0| 0.957(0.031) |1673.0| 0.953(0.035) | 1.0(0.02,0.014) | 1.0(0.057) |0.443(0.009) |0.928(0.3,+0.004-0.004) |0.956(0.032)| 1.0(+0.0-0.0)| 2959.276(+0.029-0.029,+0.308-0.308)
 15 : 4968.855( 27.663)|4018.269 |950.586 |6023.0 |4859.0| 0.957(0.031) |1164.0| 0.953(0.035) | 1.0(0.02,0.013) | 1.0(0.057) |0.444(0.006) |0.933(0.3,+0.005-0.005) |0.956(0.032)| 1.0(+0.0-0.0)| 2389.074(+0.032-0.032,+0.308-0.308)
 16 : 435.819( 7.531)|366.62 |69.199 |424.0 |354.0| 0.957(0.031) |70.0| 0.953(0.035) | 1.0(0.02,0.012) | 1.0(0.056) |0.466(0.02) |0.963(0.3,+0.004-0.004) |0.957(0.032)| 1.0(+0.0-0.0)| 182.174(+0.113-0.113,+0.308-0.308)
 17 : 951.788( 11.318)|857.573 |94.215 |1043.0 |909.0| 0.978(0.016) |134.0| 0.914(0.081) | 1.0(0.02,0.011) | 1.0(0.054) |0.457(0.014) |0.938(0.3,+0.006-0.006) |0.97(0.024)| 1.0(+0.0-0.0)| 433.859(+0.074-0.074,+0.307-0.307)
 18 : 134.171( 4.197)|122.118 |12.053 |140.0 |127.0| 0.978(0.016) |13.0| 0.914(0.081) | 1.0(0.02,0.011) | 1.0(0.054) |0.505(0.036) |0.969(0.3,+0.003-0.003) |0.972(0.021)| 1.0(+0.0-0.0)| 66.652(+0.178-0.178,+0.308-0.308)
 19 : 202.758( 5.168)|196.146 |6.612 |200.0 |189.0| 0.978(0.016) |11.0| 0.914(0.081) | 1.0(0.02,0.01) | 1.0(0.052) |0.472(0.029) |0.951(0.3,+0.013-0.013) |0.974(0.019)| 1.0(+0.0-0.0)| 87.481(+0.162-0.162,+0.308-0.308)
 20 : 19.422( 1.598)|19.174 |0.248 |27.0 |27.0| 0.978(0.016) |0.0| 0.914(0.081) | 1.0(0.02,0.008) | 1.0(0.052) |0.618(0.091) |0.891(0.3,+0.038-0.038) |0.978(0.016)| 1.0(+0.0-0.0)| 14.532(+0.376-0.376,+0.321-0.321)
 21 : 344.219( 12.322)|262.658 |81.56 |475.0 |338.0| 0.966(0.013) |137.0| 0.935(0.048) | 1.0(0.02,0.015) | 1.0(0.059) |0.443(0.04) |0.865(0.3,+0.021-0.021) |0.957(0.023)| 1.0(+0.0-0.0)| 174.049(+0.125-0.125,+0.311-0.311)
 22 : 468.675( 9.092)|348.027 |120.648 |599.0 |433.0| 0.966(0.013) |166.0| 0.935(0.048) | 1.0(0.02,0.015) | 1.0(0.059) |0.472(0.022) |0.9(0.3,+0.021-0.021) |0.957(0.023)| 1.0(+0.0-0.0)| 243.347(+0.101-0.101,+0.309-0.309)
 23 : 65.891( 2.9)|52.085 |13.805 |73.0 |58.0| 0.966(0.013) |15.0| 0.935(0.048) | 1.0(0.02,0.013) | 1.0(0.057) |0.517(0.05) |0.929(0.3,+0.027-0.027) |0.959(0.02)| 1.0(+0.0-0.0)| 33.652(+0.254-0.254,+0.312-0.312)
 24 : 236.148( 9.539)|182.354 |53.795 |334.0 |236.0| 0.957(0.031) |98.0| 0.953(0.035) | 1.0(0.02,0.015) | 1.0(0.058) |0.474(0.045) |0.881(0.3,+0.012-0.012) |0.956(0.033)| 1.0(+0.0-0.0)| 133.376(+0.137-0.137,+0.312-0.312)
 25 : 867.676( 12.051)|691.975 |175.701 |1064.0 |836.0| 0.957(0.031) |228.0| 0.953(0.035) | 1.0(0.02,0.013) | 1.0(0.057) |0.478(0.016) |0.888(0.3,+0.011-0.011) |0.956(0.032)| 1.0(+0.0-0.0)| 432.231(+0.075-0.075,+0.309-0.309)
 26 : 154.264( 4.476)|124.771 |29.493 |178.0 |151.0| 0.957(0.031) |27.0| 0.953(0.035) | 1.0(0.02,0.012) | 1.0(0.057) |0.49(0.033) |0.939(0.3,+0.014-0.014) |0.957(0.032)| 1.0(+0.0-0.0)| 78.279(+0.17-0.17,+0.31-0.31)
 27 : 110.948( 3.865)|99.99 |10.958 |126.0 |109.0| 0.978(0.016) |17.0| 0.914(0.081) | 1.0(0.02,0.012) | 1.0(0.054) |0.486(0.04) |0.878(0.3,+0.016-0.016) |0.969(0.024)| 1.0(+0.0-0.0)| 52.176(+0.215-0.215,+0.31-0.31)
 28 : 49.264( 2.539)|44.067 |5.197 |43.0 |39.0| 0.978(0.016) |4.0| 0.914(0.081) | 1.0(0.02,0.011) | 1.0(0.054) |0.505(0.059) |0.95(0.3,+0.011-0.011) |0.972(0.021)| 1.0(+0.0-0.0)| 20.075(+0.327-0.327,+0.312-0.312)
 29 : 30.568( 2.001)|29.173 |1.395 |31.0 |28.0| 0.978(0.016) |3.0| 0.914(0.081) | 1.0(0.02,0.011) | 1.0(0.053) |0.462(0.076) |0.895(0.3,+0.033-0.033) |0.972(0.022)| 1.0(+0.0-0.0)| 12.476(+0.446-0.446,+0.317-0.317)
 30 : 7.766( 1.007)|7.766 |0.0 |8.0 |8.0| 0.978(0.016) |0.0| 0.914(0.081) | 1.0(0.02,0.008) | 1.0(0.052) |0.577(0.145) |0.851(0.3,+0.065-0.065) |0.978(0.016)| 1.0(+0.0-0.0)| 3.841(+0.855-0.855,+0.344-0.344)
 31 : 43.246( 2.853)|31.037 |12.209 |47.0 |38.0| 0.966(0.013) |9.0| 0.935(0.048) | 1.0(0.02,0.013) | 1.0(0.06) |0.472(0.022) |0.773(0.3,+0.108-0.108) |0.96(0.02)| 1.0(+0.0-0.0)| 16.443(+0.417-0.417,+0.327-0.327)
 32 : 13.733( 1.319)|10.109 |3.625 |17.0 |12.0| 0.966(0.013) |5.0| 0.935(0.048) | 1.0(0.02,0.015) | 1.0(0.059) |0.517(0.05) |0.911(0.3,+0.032-0.032) |0.957(0.023)| 1.0(+0.0-0.0)| 7.659(+0.538-0.538,+0.313-0.313)
 33 : 58.31( 3.03)|46.691 |11.618 |91.0 |63.0| 0.957(0.031) |28.0| 0.953(0.035) | 1.0(0.02,0.016) | 1.0(0.057) |0.478(0.016) |0.858(0.3,+0.024-0.024) |0.956(0.033)| 1.0(+0.0-0.0)| 35.718(+0.267-0.267,+0.309-0.309)
 34 : 25.742( 1.821)|20.736 |5.006 |37.0 |31.0| 0.957(0.031) |6.0| 0.953(0.035) | 1.0(0.02,0.012) | 1.0(0.056) |0.49(0.033) |0.955(0.3,+0.028-0.028) |0.957(0.032)| 1.0(+0.0-0.0)| 16.555(+0.367-0.367,+0.311-0.311)
 35 : 7.801( 1.055)|7.21 |0.592 |7.0 |6.0| 0.978(0.016) |1.0| 0.914(0.081) | 1.0(0.02,0.012) | 1.0(0.053) |0.486(0.04) |0.899(0.3,+0.029-0.029) |0.969(0.024)| 1.0(+0.0-0.0)| 2.967(+0.892-0.892,+0.31-0.31)
 36 : 8.259( 1.036)|6.777 |1.482 |3.0 |3.0| 0.978(0.016) |0.0| 0.914(0.081) | 1.0(0.02,0.008) | 1.0(0.059) |0.505(0.059) |0.879(0.3,+0.063-0.063) |0.978(0.016)| 1.0(+0.0-0.0)| 1.304(+1.845-1.845,+0.319-0.319)
 37 : 3.349( 0.659)|3.093 |0.257 |3.0 |3.0| 0.978(0.016) |0.0| 0.914(0.081) | 1.0(0.02,0.008) | 1.0(0.056) |0.462(0.076) |0.893(0.3,+0.097-0.097) |0.978(0.016)| 1.0(+0.0-0.0)| 1.211(+1.987-1.987,+0.33-0.33)
 38 : 0.635( 0.285)|0.635 |0.0 |0.0 |0.0| 0.978(0.016) |0.0| 0.914(0.081) | 1.0(0.02,0.0) | 1.0(0.05) |0.577(0.145) |0.851(0.3,+0.065-0.065) |1.0(0.0)| 1.0(+0.0-0.0)| 0.0(+1.363-1.363,+0.344-0.344)
 39 : 1.76( 0.471)|1.168 |0.592 |0.0 |0.0| 0.966(0.013) |0.0| 0.935(0.048) | 1.0(0.02,0.0) | 1.0(0.063) |0.472(0.022) |0.773(0.3,+0.108-0.108) |1.0(0.0)| 1.0(+0.0-0.0)| 0.0(+1.114-1.114,+0.326-0.326)
 40 : 0.842( 0.32)|0.497 |0.345 |1.0 |1.0| 0.966(0.013) |0.0| 0.935(0.048) | 1.0(0.02,0.008) | 1.0(0.06) |0.517(0.05) |0.911(0.3,+0.032-0.032) |0.966(0.013)| 1.0(+0.0-0.0)| 0.455(+4.281-4.281,+0.313-0.313)
 41 : 2.807( 0.669)|1.315 |1.493 |3.0 |2.0| 0.957(0.031) |1.0| 0.953(0.035) | 1.0(0.02,0.016) | 1.0(0.068) |0.478(0.016) |0.858(0.3,+0.024-0.024) |0.956(0.033)| 1.0(+0.0-0.0)| 1.177(+1.471-1.471,+0.312-0.312)
 42 : 2.574( 0.576)|1.695 |0.879 |2.0 |2.0| 0.957(0.031) |0.0| 0.953(0.035) | 1.0(0.02,0.008) | 1.0(0.063) |0.49(0.033) |0.955(0.3,+0.028-0.028) |0.957(0.031)| 1.0(+0.0-0.0)| 0.896(+2.444-2.444,+0.312-0.312)
 43 : 0.0( 0.0)|0.0 |0.0 |1.0 |1.0| 0.978(0.016) |0.0| 0.914(0.081) | 1.0(0.02,0.008) | 1.0(0.0) |0.486(0.04) |0.899(0.3,+0.029-0.029) |0.978(0.016)| 1.0(+0.0-0.0)| 0.428(+4.549-4.549,+0.305-0.305)
 44 : 0.924( 0.349)|0.795 |0.128 |2.0 |2.0| 0.978(0.016) |0.0| 0.914(0.081) | 1.0(0.02,0.008) | 1.0(0.057) |0.505(0.059) |0.879(0.3,+0.063-0.063) |0.978(0.016)| 1.0(+0.0-0.0)| 0.869(+2.517-2.517,+0.318-0.318)
 45 : 0.269( 0.19)|0.269 |0.0 |0.0 |0.0| 0.978(0.016) |0.0| 0.914(0.081) | 1.0(0.02,0.0) | 1.0(0.054) |0.462(0.076) |0.893(0.3,+0.097-0.097) |1.0(0.0)| 1.0(+0.0-0.0)| 0.0(+1.092-1.092,+0.329-0.329)
 46 : 0.254( 0.18)|0.254 |0.0 |0.0 |0.0| 0.978(0.016) |0.0| 0.914(0.081) | 1.0(0.02,0.0) | 1.0(0.044) |0.577(0.145) |0.967(0.3,+0.002-0.002) |1.0(0.0)| 1.0(+0.0-0.0)| 0.0(+1.363-1.363,+0.337-0.337)

binIndex
[1, 2, 3, 4, 5, 6, 7, 8, 9, 10, 11, 12, 13, 14, 15, 16, 17, 18, 19, 20, 21, 22, 23, 24, 25, 26, 27, 28, 29, 30, 31, 32, 33, 34, 35, 36, 37, 38, 39, 40, 41, 42, 43, 44, 45, 46]
------------------------------------------------------
nMCGJ
[33086.91927805729, 2441.0329416375607, 177.09161134064198, 30476.628180934116, 6775.838479682803, 394.5767384581268, 2894.775372453034, 122.07219604030252, 531.1199660077691, 22.712177373468876, 6193.269787795842, 2187.4388239197433, 188.4784609079361, 5313.0711831487715, 4968.855339560658, 435.8193481788039, 951.7880867496133, 134.1709344610572, 202.7580900490284, 19.422441482543945, 344.2186530046165, 468.6749013476074, 65.89059798792005, 236.148461420089, 867.6762492917478, 154.2640321329236, 110.94791932031512, 49.26440013945103, 30.568140923976898, 7.765550192445517, 43.24612258374691, 13.733480244874954, 58.309549041092396, 25.742149889469147, 7.8014074712991714, 8.258586436510086, 3.34949704259634, 0.6352909803390503, 1.7599326074123383, 0.8415602520108223, 2.807488314807415, 2.5741758048534393, 0.0, 0.9238693416118622, 0.2688053250312805, 0.2540910243988037]
------------------------------------------------------
nMCerr
[139.022408201802, 18.63399340972916, 4.777402407362623, 114.06229761766215, 31.851171526055005, 7.183246090199528, 20.09297781367226, 4.00807698388059, 8.384134070077378, 1.7372364673965774, 54.332242093670715, 18.38500439490694, 4.914539118269217, 45.06351351076535, 27.663481554059217, 7.530724146370296, 11.318385326639993, 4.196737913917606, 5.1682256503768444, 1.5981454204553045, 12.321888577119129, 9.092355594780102, 2.8998793866264267, 9.53924375797623, 12.051321817085556, 4.475794137326165, 3.8652999647229738, 2.539455295464613, 2.0007973991058483, 1.0073095043229179, 2.852975753599815, 1.3191083864047006, 3.0302234577315676, 1.820959739019051, 1.0546296591848558, 1.0357068081437804, 0.658740590859397, 0.28509794664645866, 0.4713612521758109, 0.3195892663522767, 0.6693406562702535, 0.5761266121346893, 0.0, 0.34927797915374825, 0.19007406814867245, 0.17994705507850633]
------------------------------------------------------
nMCEBt
[25730.94601939246, 1906.2177384141833, 143.53782287985086, 24569.054323768243, 5596.903363736346, 335.80092687904835, 2595.5017817355692, 110.99187764897943, 511.6060482189059, 22.072722770273685, 4756.420449215919, 1669.8420395031571, 151.1096737831831, 4235.367993760854, 4018.269029185176, 366.6200471892953, 857.5731018818915, 122.11753422766924, 196.14636883884668, 19.1744454652071, 262.6581690646708, 348.0269866734743, 52.08537455275655, 182.35373497009277, 691.9750750474632, 124.77109426259995, 99.98960961028934, 44.06692211329937, 29.172655068337917, 7.765550192445517, 31.03682506084442, 10.108965553343296, 46.69127905368805, 20.73579954355955, 7.209538549184799, 6.776924915611744, 3.092730663716793, 0.6352909803390503, 1.1684227585792542, 0.4965812861919403, 1.3148824721574783, 1.6947046294808388, 0.0, 0.7954861521720886, 0.2688053250312805, 0.2540910243988037]
------------------------------------------------------
nMCECt
[7355.9732586648315, 534.8152032233775, 33.55378846079111, 5907.573857165873, 1178.9351159464568, 58.775811579078436, 299.2735907174647, 11.08031839132309, 19.513917788863182, 0.6394546031951904, 1436.849338579923, 517.5967844165862, 37.368787124753, 1077.7031893879175, 950.5863103754818, 69.19930098950863, 94.2149848677218, 12.053400233387947, 6.611721210181713, 0.2479960173368454, 81.5604839399457, 120.64791467413306, 13.805223435163498, 53.79472644999623, 175.70117424428463, 29.492937870323658, 10.958309710025787, 5.197478026151657, 1.3954858556389809, 0.0, 12.209297522902489, 3.624514691531658, 11.618269987404346, 5.0063503459095955, 0.5918689221143723, 1.4816615208983421, 0.2567663788795471, 0.0, 0.5915098488330841, 0.344978965818882, 1.4926058426499367, 0.8794711753726006, 0.0, 0.12838318943977356, 0.0, 0.0]
------------------------------------------------------
Nobs
[58385.0, 3309.0, 199.0, 49425.0, 9399.0, 402.0, 3764.0, 143.0, 596.0, 27.0, 9253.0, 2688.0, 195.0, 7521.0, 6023.0, 424.0, 1043.0, 140.0, 200.0, 27.0, 475.0, 599.0, 73.0, 334.0, 1064.0, 178.0, 126.0, 43.0, 31.0, 8.0, 47.0, 17.0, 91.0, 37.0, 7.0, 3.0, 3.0, 0.0, 0.0, 1.0, 3.0, 2.0, 1.0, 2.0, 0.0, 0.0]
------------------------------------------------------
nEB
[44257.0, 2557.0, 166.0, 39069.0, 7700.0, 351.0, 3358.0, 135.0, 564.0, 27.0, 6893.0, 2062.0, 160.0, 5848.0, 4859.0, 354.0, 909.0, 127.0, 189.0, 27.0, 338.0, 433.0, 58.0, 236.0, 836.0, 151.0, 109.0, 39.0, 28.0, 8.0, 38.0, 12.0, 63.0, 31.0, 6.0, 3.0, 3.0, 0.0, 0.0, 1.0, 2.0, 2.0, 1.0, 2.0, 0.0, 0.0]
------------------------------------------------------
pEB
[0.9655377672926667, 0.9655377672926667, 0.9655377672926667, 0.9573121921196667, 0.9573121921196667, 0.9573121921196667, 0.9780058351790001, 0.9780058351790001, 0.9780058351790001, 0.9780058351790001, 0.9655377672926667, 0.9655377672926667, 0.9655377672926667, 0.9573121921196667, 0.9573121921196667, 0.9573121921196667, 0.9780058351790001, 0.9780058351790001, 0.9780058351790001, 0.9780058351790001, 0.9655377672926667, 0.9655377672926667, 0.9655377672926667, 0.9573121921196667, 0.9573121921196667, 0.9573121921196667, 0.9780058351790001, 0.9780058351790001, 0.9780058351790001, 0.9780058351790001, 0.9655377672926667, 0.9655377672926667, 0.9573121921196667, 0.9573121921196667, 0.9780058351790001, 0.9780058351790001, 0.9780058351790001, 0.9780058351790001, 0.9655377672926667, 0.9655377672926667, 0.9573121921196667, 0.9573121921196667, 0.9780058351790001, 0.9780058351790001, 0.9780058351790001, 0.9780058351790001]
------------------------------------------------------
pEBerr
[0.01320012745443449, 0.01320012745443449, 0.01320012745443449, 0.03141046338090292, 0.03141046338090292, 0.03141046338090292, 0.015575942544567688, 0.015575942544567688, 0.015575942544567688, 0.015575942544567688, 0.01320012745443449, 0.01320012745443449, 0.01320012745443449, 0.03141046338090292, 0.03141046338090292, 0.03141046338090292, 0.015575942544567688, 0.015575942544567688, 0.015575942544567688, 0.015575942544567688, 0.01320012745443449, 0.01320012745443449, 0.01320012745443449, 0.03141046338090292, 0.03141046338090292, 0.03141046338090292, 0.015575942544567688, 0.015575942544567688, 0.015575942544567688, 0.015575942544567688, 0.01320012745443449, 0.01320012745443449, 0.03141046338090292, 0.03141046338090292, 0.015575942544567688, 0.015575942544567688, 0.015575942544567688, 0.015575942544567688, 0.01320012745443449, 0.01320012745443449, 0.03141046338090292, 0.03141046338090292, 0.015575942544567688, 0.015575942544567688, 0.015575942544567688, 0.015575942544567688]
------------------------------------------------------
nEC
[14128.0, 752.0, 33.0, 10356.0, 1699.0, 51.0, 406.0, 8.0, 32.0, 0.0, 2360.0, 626.0, 35.0, 1673.0, 1164.0, 70.0, 134.0, 13.0, 11.0, 0.0, 137.0, 166.0, 15.0, 98.0, 228.0, 27.0, 17.0, 4.0, 3.0, 0.0, 9.0, 5.0, 28.0, 6.0, 1.0, 0.0, 0.0, 0.0, 0.0, 0.0, 1.0, 0.0, 0.0, 0.0, 0.0, 0.0]
------------------------------------------------------
pEC
[0.935474352252, 0.935474352252, 0.935474352252, 0.9529644423696667, 0.9529644423696667, 0.9529644423696667, 0.9139508701260001, 0.9139508701260001, 0.9139508701260001, 0.9139508701260001, 0.935474352252, 0.935474352252, 0.935474352252, 0.9529644423696667, 0.9529644423696667, 0.9529644423696667, 0.9139508701260001, 0.9139508701260001, 0.9139508701260001, 0.9139508701260001, 0.935474352252, 0.935474352252, 0.935474352252, 0.9529644423696667, 0.9529644423696667, 0.9529644423696667, 0.9139508701260001, 0.9139508701260001, 0.9139508701260001, 0.9139508701260001, 0.935474352252, 0.935474352252, 0.9529644423696667, 0.9529644423696667, 0.9139508701260001, 0.9139508701260001, 0.9139508701260001, 0.9139508701260001, 0.935474352252, 0.935474352252, 0.9529644423696667, 0.9529644423696667, 0.9139508701260001, 0.9139508701260001, 0.9139508701260001, 0.9139508701260001]
------------------------------------------------------
pECerr
[0.048278382970390464, 0.048278382970390464, 0.048278382970390464, 0.03542164639189391, 0.03542164639189391, 0.03542164639189391, 0.08113840110111892, 0.08113840110111892, 0.08113840110111892, 0.08113840110111892, 0.048278382970390464, 0.048278382970390464, 0.048278382970390464, 0.03542164639189391, 0.03542164639189391, 0.03542164639189391, 0.08113840110111892, 0.08113840110111892, 0.08113840110111892, 0.08113840110111892, 0.048278382970390464, 0.048278382970390464, 0.048278382970390464, 0.03542164639189391, 0.03542164639189391, 0.03542164639189391, 0.08113840110111892, 0.08113840110111892, 0.08113840110111892, 0.08113840110111892, 0.048278382970390464, 0.048278382970390464, 0.03542164639189391, 0.03542164639189391, 0.08113840110111892, 0.08113840110111892, 0.08113840110111892, 0.08113840110111892, 0.048278382970390464, 0.048278382970390464, 0.03542164639189391, 0.03542164639189391, 0.08113840110111892, 0.08113840110111892, 0.08113840110111892, 0.08113840110111892]
------------------------------------------------------
trigW
[1.0, 1.0, 1.0, 1.0, 1.0, 1.0, 1.0, 1.0, 1.0, 1.0, 1.0, 1.0, 1.0, 1.0, 1.0, 1.0, 1.0, 1.0, 1.0, 1.0, 1.0, 1.0, 1.0, 1.0, 1.0, 1.0, 1.0, 1.0, 1.0, 1.0, 1.0, 1.0, 1.0, 1.0, 1.0, 1.0, 1.0, 1.0, 1.0, 1.0, 1.0, 1.0, 1.0, 1.0, 1.0, 1.0]
------------------------------------------------------
trigWsysErr
[0.02, 0.02, 0.02, 0.02, 0.02, 0.02, 0.02, 0.02, 0.02, 0.02, 0.02, 0.02, 0.02, 0.02, 0.02, 0.02, 0.02, 0.02, 0.02, 0.02, 0.02, 0.02, 0.02, 0.02, 0.02, 0.02, 0.02, 0.02, 0.02, 0.02, 0.02, 0.02, 0.02, 0.02, 0.02, 0.02, 0.02, 0.02, 0.02, 0.02, 0.02, 0.02, 0.02, 0.02, 0.02, 0.02]
------------------------------------------------------
trigWerr
[0.01413232537586709, 0.01378691268359021, 0.012345523417085426, 0.013370910211229135, 0.01269595260134057, 0.01143128485074627, 0.010985429218916046, 0.00976718076923077, 0.009714321543624161, 0.00845451, 0.014439057325191832, 0.013918966004464284, 0.012665995384615386, 0.013673929660949343, 0.012989141306657811, 0.012328281933962265, 0.011469059050814957, 0.010633309071428572, 0.00974502945, 0.00845451, 0.015222018694736843, 0.014957051469115194, 0.01327587780821918, 0.01533915377245509, 0.013482507857142858, 0.012013654550561798, 0.011620286428571427, 0.010637206744186048, 0.01072521870967742, 0.00845451, 0.012947614468085109, 0.015355683529411765, 0.015674199230769233, 0.01225948135135135, 0.011806508571428573, 0.00845451, 0.00845451, 0.0, 0.0, 0.00845451, 0.01627584, 0.00845451, 0.00845451, 0.00845451, 0.0, 0.0]
------------------------------------------------------
SF
[1.0, 1.0, 1.0, 1.0, 1.0, 1.0, 1.0, 1.0, 1.0, 1.0, 1.0, 1.0, 1.0, 1.0, 1.0, 1.0, 1.0, 1.0, 1.0, 1.0, 1.0, 1.0, 1.0, 1.0, 1.0, 1.0, 1.0, 1.0, 1.0, 1.0, 1.0, 1.0, 1.0, 1.0, 1.0, 1.0, 1.0, 1.0, 1.0, 1.0, 1.0, 1.0, 1.0, 1.0, 1.0, 1.0]
------------------------------------------------------
SFerr
[0.05834295989522674, 0.05797612873974693, 0.056647854290565104, 0.0571654105447007, 0.05645863360234325, 0.0559034187740293, 0.0543262642097303, 0.05348035826017638, 0.05260490347887671, 0.053256039861317425, 0.05869079452110412, 0.058300751426287475, 0.05661017331974034, 0.057329119761126895, 0.05687309361933486, 0.055876202230440014, 0.05412317411682349, 0.053815972632583954, 0.05225308224486953, 0.05174855998029185, 0.05892521536513838, 0.058896270171546, 0.05669091990246435, 0.05818451287567027, 0.0571314917434771, 0.05708605699186225, 0.05414376238149989, 0.05412138934883973, 0.05259205553121346, 0.05175345753852836, 0.060221049475527415, 0.05928140243983645, 0.056551580221200506, 0.056096237170618755, 0.053308932344610954, 0.058979122608213, 0.05552027997935474, 0.05003239495421599, 0.0626294989190009, 0.05963662078299722, 0.06814704673234631, 0.06300519222691012, 0.0, 0.05733978892168898, 0.05423457703972514, 0.04440755704912517]
------------------------------------------------------
ZgR
[0.4301791800042237, 0.4224460269080022, 0.43074323279756477, 0.4306254273187939, 0.43117222115022413, 0.44965045858241304, 0.4377452135333261, 0.4923213662036592, 0.46156661769767804, 0.549830704199507, 0.4367345813741815, 0.43639833720616855, 0.45769614488968025, 0.44333153875835546, 0.4444825406139275, 0.46649323325323105, 0.4572582174803357, 0.5052218565415311, 0.4719157256560469, 0.6179491381278861, 0.4426588042587032, 0.4715230076078331, 0.5171371736720527, 0.47403300719142333, 0.47826157665673896, 0.489665421210141, 0.48642783173592313, 0.5053607837881714, 0.4624675873460617, 0.5771172004948059, 0.4715230076078331, 0.5171371736720527, 0.47826157665673896, 0.489665421210141, 0.48642783173592313, 0.5053607837881714, 0.4624675873460617, 0.5771172004948059, 0.4715230076078331, 0.5171371736720527, 0.47826157665673896, 0.489665421210141, 0.48642783173592313, 0.5053607837881714, 0.4624675873460617, 0.5771172004948059]
------------------------------------------------------
REr1
[0.004812443518946781, 0.008744780719906748, 0.031493102491454435, 0.004218385068727188, 0.005351240992407128, 0.02109049273639408, 0.007921989852212536, 0.03758343226222787, 0.018209722316330668, 0.08569656281759014, 0.009947281169266301, 0.009587790333713984, 0.030207346091733835, 0.009481550410233023, 0.006328202418695941, 0.019932891864959425, 0.013577430486471294, 0.035697435482011514, 0.029349335237601862, 0.09115204782771118, 0.040434130834223966, 0.021938633988074944, 0.050215152029204055, 0.044802876508090284, 0.01568452454332354, 0.03324813621497106, 0.039601133610588445, 0.05879566653549981, 0.07564415356019194, 0.14490850478219258, 0.021938633988074944, 0.050215152029204055, 0.01568452454332354, 0.03324813621497106, 0.039601133610588445, 0.05879566653549981, 0.07564415356019194, 0.14490850478219258, 0.021938633988074944, 0.050215152029204055, 0.01568452454332354, 0.03324813621497106, 0.039601133610588445, 0.05879566653549981, 0.07564415356019194, 0.14490850478219258]
------------------------------------------------------
f
[0.972623016683, 0.980247218149, 0.976385796318, 0.971604956443, 0.980117806052, 0.986261616817, 0.980465385921, 0.987674893849, 0.987019258, 0.9327849345, 0.907607877202, 0.950330837233, 0.945909675462, 0.928039958782, 0.933017544812, 0.962827005639, 0.938060873667, 0.969416300773, 0.951137865027, 0.890546150898, 0.865083474782, 0.900100821186, 0.929171599497, 0.881146465829, 0.888132638329, 0.938802522176, 0.878205099289, 0.950368331299, 0.895465042805, 0.850674480001, 0.773058774263, 0.910582821779, 0.858479873744, 0.955198514846, 0.899395869929, 0.879408796982, 0.892549979777, 0.850674480001, 0.773058774263, 0.910582821779, 0.858479873744, 0.955198514846, 0.899395869929, 0.879408796982, 0.892549979777, 0.967403988273]
------------------------------------------------------
fsysErr
[0.3, 0.3, 0.3, 0.3, 0.3, 0.3, 0.3, 0.3, 0.3, 0.3, 0.3, 0.3, 0.3, 0.3, 0.3, 0.3, 0.3, 0.3, 0.3, 0.3, 0.3, 0.3, 0.3, 0.3, 0.3, 0.3, 0.3, 0.3, 0.3, 0.3, 0.3, 0.3, 0.3, 0.3, 0.3, 0.3, 0.3, 0.3, 0.3, 0.3, 0.3, 0.3, 0.3, 0.3, 0.3, 0.3]
------------------------------------------------------
ferrUp
[0.0037090960713464004, 0.0034780607218328967, 0.0013879267249179024, 0.0018844041323161065, 0.0022252202425187737, 0.001520573318365552, 0.0037201748652796337, 0.0014121367478773159, 0.005657894555072603, 0.0058561224311133005, 0.00750460457627129, 0.005271955543247971, 0.005074476593693359, 0.003796406495334558, 0.005088507660096187, 0.004015259594265586, 0.006479589262516991, 0.003474481831339359, 0.012670192788989537, 0.03804035935435772, 0.021240902520338303, 0.021274828323640516, 0.026948563571309248, 0.011887645783434132, 0.010876814791217625, 0.014126829584415707, 0.0161245929451612, 0.011498275198694532, 0.03281739930265418, 0.06452814198979552, 0.10825328080142764, 0.03185804214966909, 0.023888862901421438, 0.02779153760910097, 0.02873151274892994, 0.06311341673096323, 0.09677525045855793, 0.06452814198979552, 0.10825328080142764, 0.03185804214966909, 0.023888862901421438, 0.02779153760910097, 0.02873151274892994, 0.06311341673096323, 0.09677525045855793, 0.0019457421049610272]
------------------------------------------------------
ferrDn
[0.0037090960713464004, 0.0034780607218328967, 0.0013879267249179024, 0.0018844041323161065, 0.0022252202425187737, 0.001520573318365552, 0.0037201748652796337, 0.0014121367478773159, 0.005657894555072603, 0.0058561224311133005, 0.00750460457627129, 0.005271955543247971, 0.005074476593693359, 0.003796406495334558, 0.005088507660096187, 0.004015259594265586, 0.006479589262516991, 0.003474481831339359, 0.012670192788989537, 0.03804035935435772, 0.021240902520338303, 0.021274828323640516, 0.026948563571309248, 0.011887645783434132, 0.010876814791217625, 0.014126829584415707, 0.0161245929451612, 0.011498275198694532, 0.03281739930265418, 0.06452814198979552, 0.10825328080142764, 0.03185804214966909, 0.023888862901421438, 0.02779153760910097, 0.02873151274892994, 0.06311341673096323, 0.09677525045855793, 0.06452814198979552, 0.10825328080142764, 0.03185804214966909, 0.023888862901421438, 0.02779153760910097, 0.02873151274892994, 0.06311341673096323, 0.09677525045855793, 0.0019457421049610272]
------------------------------------------------------
purity
[0.9582630233054347, 0.9587055859355856, 0.9605523768587874, 0.9564012098958732, 0.9565262758705712, 0.9567606119275026, 0.9710966120622312, 0.9744223406305805, 0.9745666424244765, 0.9780058351790001, 0.957870020670385, 0.9585363916172733, 0.960141769721265, 0.9563450620396574, 0.9564719495978338, 0.956594403245846, 0.969776338230676, 0.9720578741383643, 0.9744828121010852, 0.9780058351790001, 0.9568668454809377, 0.957206336747173, 0.9593603532432148, 0.9560365050672716, 0.9563805314589523, 0.9566527019890487, 0.9693634986242303, 0.9720472337787209, 0.9718069675932258, 0.9780058351790001, 0.9597809431359433, 0.9566955863983528, 0.9559744229658205, 0.9566071516196667, 0.9688551258857144, 0.9780058351790001, 0.9780058351790001, 1.0, 1.0, 0.9655377672926667, 0.9558629422029999, 0.9573121921196667, 0.9780058351790001, 0.9780058351790001, 1.0, 1.0]
------------------------------------------------------
pErr
[0.021486501696572263, 0.020978803551002293, 0.018865254904196677, 0.03224790476817016, 0.03213284052763018, 0.03191732570262287, 0.022231616847789196, 0.019016151314913167, 0.018877130546580315, 0.015575942544567688, 0.021937738980829423, 0.02117284420825946, 0.019334468843524966, 0.03229957217525745, 0.03218281854131841, 0.03207017407059243, 0.0235142330510751, 0.021299964299372892, 0.018957887912479342, 0.015575942544567688, 0.02309124408461632, 0.022700607998628795, 0.02022852801077206, 0.03258361543877343, 0.03226693241528564, 0.03201655549419949, 0.02391601446114829, 0.021310266821241708, 0.021542964475498996, 0.015575942544567688, 0.01974712836290539, 0.023288408784295837, 0.032640787504639245, 0.032058448565609944, 0.024411240508172036, 0.015575942544567688, 0.015575942544567688, 0.0, 0.0, 0.01320012745443449, 0.03274346996324197, 0.03141046338090292, 0.015575942544567688, 0.015575942544567688, 0.0, 0.0]
------------------------------------------------------
DR
[1.0, 1.0, 1.0, 1.0, 1.0, 1.0, 1.0, 1.0, 1.0, 1.0, 1.0, 1.0, 1.0, 1.0, 1.0, 1.0, 1.0, 1.0, 1.0, 1.0, 1.0, 1.0, 1.0, 1.0, 1.0, 1.0, 1.0, 1.0, 1.0, 1.0, 1.0, 1.0, 1.0, 1.0, 1.0, 1.0, 1.0, 1.0, 1.0, 1.0, 1.0, 1.0, 1.0, 1.0, 1.0, 1.0]
------------------------------------------------------
DRup
[0.0, 0.0, 0.0, 0.0, 0.0, 0.0, 0.0, 0.0, 0.0, 0.0, 0.0, 0.0, 0.0, 0.0, 0.0, 0.0, 0.0, 0.0, 0.0, 0.0, 0.0, 0.0, 0.0, 0.0, 0.0, 0.0, 0.0, 0.0, 0.0, 0.0, 0.0, 0.0, 0.0, 0.0, 0.0, 0.0, 0.0, 0.0, 0.0, 0.0, 0.0, 0.0, 0.0, 0.0, 0.0, 0.0]
------------------------------------------------------
DRlow
[0.0, 0.0, 0.0, 0.0, 0.0, 0.0, 0.0, 0.0, 0.0, 0.0, 0.0, 0.0, 0.0, 0.0, 0.0, 0.0, 0.0, 0.0, 0.0, 0.0, 0.0, 0.0, 0.0, 0.0, 0.0, 0.0, 0.0, 0.0, 0.0, 0.0, 0.0, 0.0, 0.0, 0.0, 0.0, 0.0, 0.0, 0.0, 0.0, 0.0, 0.0, 0.0, 0.0, 0.0, 0.0, 0.0]
------------------------------------------------------
Yield
[23408.84278659296, 1313.6778381746706, 80.39222405345308, 19777.718292544974, 3799.33515825245, 170.56759003285356, 1568.793299831, 67.75572059171277, 264.6170476994732, 13.543026297400155, 3513.217044508591, 1068.5522897689132, 81.05818910851069, 2959.2762783945473, 2389.074088835728, 182.1743814613079, 433.8588221764716, 66.65191116945007, 87.48066990272976, 14.531631352195708, 174.04928323493573, 243.34724507095294, 33.65164597352557, 133.37598168142816, 432.2307658835402, 78.27949025529432, 52.176095669291996, 20.074711740418945, 12.47589292932605, 3.841128671274321, 16.443163796126782, 7.658573811929152, 35.71768266515145, 16.554970926968767, 2.967059025453908, 1.3039323010791763, 1.2110903542970048, 0.0, 0.0, 0.4546680914984351, 1.1773687073029118, 0.8955228272687925, 0.4278689296977711, 0.8692882007194509, 0.0, 0.0]
------------------------------------------------------
YstatUp
[0.010322162631480388, 0.04378844371235413, 0.17547388625902757, 0.011240798228881516, 0.025517211792792586, 0.11754834345669972, 0.039107412434334736, 0.17649079131133935, 0.09225827074903159, 0.40300599952331895, 0.027380180069347955, 0.048519783340200566, 0.17227426614571098, 0.029305712283864287, 0.03248454689711018, 0.11303049373244278, 0.07443783293813978, 0.17752168480387862, 0.16166012033807778, 0.37558899735848716, 0.12522024976273335, 0.10057429042973054, 0.25389556730863244, 0.1370236728689949, 0.07546666141157803, 0.17043626651904506, 0.2151362998003745, 0.326651690400071, 0.4462818328411859, 0.8551252459263549, 0.41693038428625917, 0.5383646781853073, 0.2670775734137064, 0.3674281614345293, 0.8917083510530557, 1.845198019908757, 1.9866505347926504, 1.3629988432709736, 1.113613167991016, 4.281166268898822, 1.4711201315487805, 2.4436624956335007, 4.549313029676255, 2.5174108485186757, 1.0922266500852165, 1.3629988432709736]
------------------------------------------------------
YstatLow
[0.010322162631480388, 0.04378844371235413, 0.17547388625902757, 0.011240798228881516, 0.025517211792792586, 0.11754834345669972, 0.039107412434334736, 0.17649079131133935, 0.09225827074903159, 0.40300599952331895, 0.027380180069347955, 0.048519783340200566, 0.17227426614571098, 0.029305712283864287, 0.03248454689711018, 0.11303049373244278, 0.07443783293813978, 0.17752168480387862, 0.16166012033807778, 0.37558899735848716, 0.12522024976273335, 0.10057429042973054, 0.25389556730863244, 0.1370236728689949, 0.07546666141157803, 0.17043626651904506, 0.2151362998003745, 0.326651690400071, 0.4462818328411859, 0.8551252459263549, 0.41693038428625917, 0.5383646781853073, 0.2670775734137064, 0.3674281614345293, 0.8917083510530557, 1.845198019908757, 1.9866505347926504, 1.3629988432709736, 1.113613167991016, 4.281166268898822, 1.4711201315487805, 2.4436624956335007, 4.549313029676255, 2.5174108485186757, 1.0922266500852165, 1.3629988432709736]
------------------------------------------------------
YsysUp
[0.30741211809444297, 0.30737597297064095, 0.3084007636694472, 0.3080713205023795, 0.30792023536357555, 0.30841806563664703, 0.3066640915562547, 0.30843422161208295, 0.30656417880825815, 0.3176924449146995, 0.30771679775738, 0.30750727438892184, 0.30834590141339824, 0.3082550554137312, 0.30806645295299556, 0.308408941283757, 0.30698551780759503, 0.30846279123314496, 0.3075819711578881, 0.32116626060114045, 0.31100352295198175, 0.30909824265715263, 0.31216516341245054, 0.3118189106480996, 0.3086280118599057, 0.3100535623083985, 0.30962365234281286, 0.31222674959115587, 0.3170868549854897, 0.3443179707182737, 0.32677858109806496, 0.3134149454294098, 0.30939596771263317, 0.3108096442464224, 0.3104366186254498, 0.3187990894026147, 0.32997587379023974, 0.34360674674942077, 0.32637789539179973, 0.3126319641135477, 0.31176552062752694, 0.31193838866215295, 0.3051357703278614, 0.3184998805241307, 0.3292854026765116, 0.3367109914951115]
------------------------------------------------------
YsysLow
[0.30741211809444297, 0.30737597297064095, 0.3084007636694472, 0.3080713205023795, 0.30792023536357555, 0.30841806563664703, 0.3066640915562547, 0.30843422161208295, 0.30656417880825815, 0.3176924449146995, 0.30771679775738, 0.30750727438892184, 0.30834590141339824, 0.3082550554137312, 0.30806645295299556, 0.308408941283757, 0.30698551780759503, 0.30846279123314496, 0.3075819711578881, 0.32116626060114045, 0.31100352295198175, 0.30909824265715263, 0.31216516341245054, 0.3118189106480996, 0.3086280118599057, 0.3100535623083985, 0.30962365234281286, 0.31222674959115587, 0.3170868549854897, 0.3443179707182737, 0.32677858109806496, 0.3134149454294098, 0.30939596771263317, 0.3108096442464224, 0.3104366186254498, 0.3187990894026147, 0.32997587379023974, 0.34360674674942077, 0.32637789539179973, 0.3126319641135477, 0.31176552062752694, 0.31193838866215295, 0.3051357703278614, 0.3184998805241307, 0.3292854026765116, 0.3367109914951115]
------------------------------------------------------